10,72,83,98,119,127,132,167,184,191,203,237,257,280,282,301,306,340,344,348,386,389,391,404,414,440,447,455,466,471,482,486,495,499
113,469
19,21,27,28,40,45,104,131,135,145,149,150,212,213,235,269,294,302,338,353,406,411,413,432,471,473
8,40,42,54,59,66,92,137,147,184,195,196,208,215,229,237,239,257,274,293,303,305,307,314,335,385,420,421,434,447,467,469
10,73,105,114,115,117,120,138,184,210,222,236,249,254,261,292,293,298,312,326,349,373,376,415,435,445
45,54,65,77,78,84,88,102,108,109,120,128,139,143,144,152,158,182,184,206,279,301,302,306,316,330,359,365,377,382,384,389,398,433,434,442,451,452,461,466
12,28,58,71,95,111,118,143,185,224,240,253,281,291,293,336,393,445,455,460,466,470,478,497
9,44,45,46,53,70,77,83,101,104,118,121,132,143,154,170,179,180,192,216,227,238,248,273,287,318,321,344,347,399,401,408,445,464,472,484
3,17,34,58,60,64,71,78,89,122,151,175,177,178,187,200,206,243,272,295,307,333,334,353,359,380,388,391,403,404,421,447,459,464,466,473,483,498
7,39,60,87,101,163,194,217,252,269,313,341,354,382,386,389,450,460
0,4,41,59,124,125,156,232,289,295,297,307,360,434,441,474
150,186,216,278,298,302,309,333,334,335,367,436,442,477
6,42,46,54,67,71,79,93,116,120,133,142,151,185,189,205,212,215,227,231,233,240,264,269,274,280,304,312,316,320,362,374,378,385,390,406,452,453,481,497
23,38,46,115,116,119,127,190,197,240,269,332,334,356,362,403,411,424,435,462,470,495
32,78,151,162,175,219,251,263,297,374,385,419,435,443,458,463
25,35,89,93,94,117,123,127,137,233,283,323,339,348,434,474
62,289,296,406
8,18,73,93,126,166,179,195,219,239,245,263,266,285,302,322,329,330,337,353,438,442,453,497
17,30,72,99,122,207,217,249,299,396,447,461
2,64,156,189,208,214,222,355,391,404,468,494
100,134,136,143,147,160,202,213,244,277,284,346,382,384,435,462,496,498
2,30,36,45,59,68,79,81,88,91,92,101,113,126,139,184,198,204,224,274,288,297,301,313,316,317,324,348,355,358,370,376,398,415,416,420,423,429,437,442,450,471,482,483,486,488,490,493
50,62,92,121,124,211,250,265,436,452,457,497
13,40,41,44,45,73,77,89,113,119,133,139,144,157,161,175,176,189,215,220,222,224,228,281,337,368,370,403,406,455,483,499
26,46,69,106,111,131,151,160,182,194,198,204,218,219,224,230,271,275,303,342,348,359,364,370,381,407,416,440,446,453,454,458,461,473,479,498
15,46,57,63,104,156,158,165,166,217,256,332,351,376,467,470
24,72,84,95,98,99,107,109,121,140,147,168,176,198,214,217,222,237,240,250,296,314,331,333,338,343,353,355,364,366,374,375,383,397,413,417,418,427,434,462,469,478,484,488
2,43,51,144,149,151,162,165,172,178,184,190,200,207,210,211,221,234,253,285,292,310,391,396,444,484,490,499
2,6,35,41,52,57,58,79,81,88,102,115,119,121,126,128,129,134,140,150,161,168,175,211,213,215,253,257,288,314,333,335,353,359,372,392,412,413,426,431,440,446,449,460,473,475,481,486,488,494
34,59,80,110,129,133,163,169,192,225,227,235,243,250,265,273,283,285,289,296,303,342,357,367,390,426,436,440,449,455,481,497
18,21,47,53,62,85,93,97,104,105,111,115,120,139,168,173,179,185,190,213,217,225,226,231,237,246,247,268,284,285,287,292,305,319,339,352,372,377,383,389,398,420,432,462,463,472
39,70,76,82,109,119,125,126,137,145,148,153,155,161,164,175,195,203,212,225,230,236,241,243,244,258,276,289,293,302,303,314,321,329,386,391,395,403,415,427,442,443,444,465,470,476,493,494
14,37,54,58,81,101,122,123,193,197,200,218,240,242,243,251,253,260,265,285,293,319,324,325,340,368,376,427,443,449,455,463
201,243,252,253,338,355,363,374,395,440,449,499
8,29,36,53,61,74,85,95,115,119,163,187,196,204,210,211,238,310,314,333,354,365,389,395,401,415,418,447,454,469,491,495
15,28,40,78,80,91,112,130,149,157,158,162,185,213,225,236,241,245,249,268,300,310,329,365,368,373,397,402,417,419,431,443,454,461,462,465,466,497
21,34,41,53,55,58,79,101,122,134,138,165,169,197,207,219,233,244,247,255,268,296,303,314,315,345,349,399,401,412,450,461,464,466,475,479
32,38,54,55,73,84,91,118,121,141,159,163,167,182,184,230,238,239,243,268,278,281,287,299,316,328,343,362,393,394
13,37,82,103,121,132,148,186,226,251,309,424,425,433
9,31,41,48,65,69,94,123,138,146,163,170,200,206,208,217,245,246,253,281,311,317,340,342,343,353,358,364,383,385,388,416,441,448,454,470,483,485
2,3,23,35,97,167,295,382,415,416,424,466
10,23,28,36,39,73,76,98,174,224,303,354,362,384,456,465
3,12,62,81,169,199,323,370,463,469,471,485
27,53,69,75,116,201,240,246,295,305,341,342,349,354,364,428
7,23,260,412
2,5,7,21,23,51,52,70,75,88,137,153,167,170,216,240,243,254,266,289,364,365,371,402
7,12,13,24,25,64,70,88,89,124,143,152,161,165,168,201,202,244,247,252,258,261,263,266,269,274,277,293,308,362,378,389,430,435,441,454,493,497
30,48,64,68,87,91,99,105,117,138,167,170,172,192,209,212,226,236,246,250,260,262,273,278,282,291,297,298,345,366,367,368,376,396,406,410,424,431,448,451,455,461,466,474,480,488
39,47,51,56,71,92,133,163,208,214,216,226,244,276,277,293,336,354,375,378,423,439,456,457,460,470,489,492
57,69,78,96,110,132,140,158,164,197,233,239,262,264,268,273,291,431,437,446,452,456
22,83,100,127,194,212,240,270,275,285,302,332,445,446,459,495
27,45,48,72,77,81,90,104,109,111,114,145,175,185,193,198,212,215,219,231,283,287,339,343,345,386,391,406,409,410,414,444,445,467,484,487
28,45,63,81,82,85,101,108,114,116,117,122,127,144,145,150,174,190,220,252,254,277,278,280,309,315,316,318,323,326,332,333,338,339,353,354,360,361,372,373,386,405,427,431,436,438,443,446,457,458,469,480
7,30,34,36,43,105,344,370,390,410,422,484
3,5,12,32,37,64,65,77,100,105,108,112,114,137,162,179,180,183,195,211,230,260,263,264,274,306,315,321,326,329,332,338,364,375,378,398,412,414,447,454,483,499
36,37,111,120,271,282,289,296,327,355,374,385,423,464,480,486
48,58,70,88,90,107,132,161,170,172,186,200,206,214,221,230,235,262,263,275,278,285,307,364,394,396,399,400,407,431,440,442,445,453,455,463,475,498
25,28,49,61,79,89,128,132,146,150,179,190,196,225,227,243,244,265,276,284,289,292,308,309,329,339,348,397,400,413,417,454,457,465,493,499
6,8,28,32,36,56,65,123,151,217,263,286,317,347,351,451,454,483
3,10,21,29,61,66,89,110,144,151,216,230,232,248,250,276,278,281,295,307,310,313,333,338,370,377,378,397,437,441,446,459,463,464,480,498
8,9,69,115,119,132,137,144,145,162,175,180,184,185,186,188,198,215,219,231,234,237,245,246,252,254,256,265,290,296,300,305,311,322,325,332,348,351,364,369,370,373,382,404,456,478,484,497
34,57,59,65,68,84,101,105,140,155,161,169,196,208,214,215,225,237,250,262,265,283,324,335,341,342,347,352,377,390,396,403,406,420,423,431,441,452,458,461,466,474
16,22,30,42,101,204,312,407
25,52,78,287,305,311,347,388,404,417
8,19,46,47,54,80,87,106,171,200,234,238,247,265,293,302,308,340,352,366,395,436,473,482
5,39,54,58,61,85,87,92,94,101,108,122,124,125,134,153,167,178,181,219,225,254,256,282,296,316,324,333,351,357,366,402,419,466,474,478
3,59,80,89,105,107,121,126,143,153,158,168,171,179,198,200,201,208,232,250,255,269,277,285,331,335,336,343,354,364,419,449
12,198
21,47,61,77,90,108,167,178,194,203,213,216,226,230,248,261,263,276,293,316,330,334,337,348,350,352,353,370,409,416,426,456,469,470,472,492
24,39,43,49,60,87,104,110,129,138,166,167,183,194,233,242,245,250,259,263,267,314,328,352,353,359,362,376,396,397,412,414,448,457,458,470,476,492
7,31,45,46,56,110,153,209,439,453,466,474
6,8,12,48,74,94,96,102,106,108,109,115,118,128,130,131,150,173,176,178,190,205,219,244,247,256,263,278,283,294,296,302,313,339,367,382,387,400,407,414,418,433,445,451,462,468,478,481,493,497
0,18,26,51,77,94,125,128,137,142,151,164,168,180,203,213,235,246,247,277,281,285,286,294,310,317,325,332,344,346,357,359,360,376,395,410,436,443,444,450,462,473,475,485,488,497
4,17,23,37,41,74,124,153,168,170,250,258,263,284,298,322,349,394,409,421
34,71,73,88,116,119,148,149,151,163,175,179,188,210,211,224,236,248,272,284,290,292,319,342,362,368,374,377,383,416,420,430,474,478,492,495
43,45,176,277,280,429
31,41,123,271,299,343
5,7,23,51,54,68,72,79,92,127,132,135,152,167,207,212,225,234,236,241,247,249,260,263,267,268,271,293,294,299,325,334,341,345,347,348,349,358,360,374,376,415,423,439,440,455,467,480,485,487,498,499
5,8,14,35,49,63,81,96,99,104,140,142,164,167,208,222,243,253,273,294,311,312,313,316,324,345,346,362,387,390,403,405,407,427,442,456,473,479,489,497
12,21,28,36,57,77,81,86,102,107,111,118,119,123,135,144,153,168,172,185,203,214,244,248,265,274,276,283,285,290,308,309,326,328,345,347,354,369,374,375,381,385,401,413,418,423,437,440,450,452,458,486
29,35,64,66,86,90,96,110,130,147,148,153,172,203,245,281,283,292,293,296,298,321,342,351,367,371,403,407,430,438,443,455,476,484
21,28,32,42,51,52,78,79,104,107,111,114,115,119,126,133,134,142,154,163,167,171,173,193,208,213,230,243,253,254,261,264,273,274,313,322,323,361,389,420,437,443,447,458,475,483,484,498
31,38,52,89,93,94,102,111,112,131,148,152,159,163,172,173,195,198,200,205,211,214,219,222,263,269,271,304,328,343,350,352,356,365,394,395,411,420,443,450,461,466,482,493
0,7,50,111,181,216,239,264,268,385,425,427
5,26,37,61,87,106,116,170,189,200,225,232,242,251,291,308,326,332,336,368,391,399,409,417,488,494
30,34,52,65,86,106,108,124,130,142,143,145,146,151,159,165,171,173,175,205,230,236,252,256,327,353,401,416,417,426,442,495
79,80,85,99,220,225,345,384,390,422,491,497
9,47,64,65,69,84,100,104,123,126,134,142,151,154,161,209,231,250,293,321,326,329,331,359,370,377,390,419,423,430,431,433,441,451,456,459,460,462,464,470,476,480
5,21,28,45,46,56,74,119,120,155,178,186,187,216,222,234,264,268,291,307,321,329,333,385,415,429,435,445,451,456,460,465,469,472,488,492
8,15,23,46,57,59,66,82,95,96,98,114,123,132,137,168,179,190,195,217,222,267,280,300,305,311,332,338,350,355,377,386,392,397,438,452,466,473
51,56,68,80,99,157,168,331,349,356,424,480
21,35,37,47,96,107,118,150,188,217,225,235,244,361,387,450,459,498
3,21,22,48,65,77,100,122,192,199,214,238,265,284,295,307,324,337,341,397,426,431,434,439,446,448,449,452,454,475,485,497
12,15,17,30,82,111,117,133,151,160,163,167,171,191,211,224,239,245,262,283,291,336,363,365,429,435,440,475,492,493
15,39,65,71,72,82,172,216,313,381,405,407
6,26,34,89,127,148,158,170,232,243,280,292,313,314,318,370,407,425,475,489,498,499
49,71,78,80,89,91,101,113,232,258,271,277,354,451,462,484
30,40,140,169,177,194,236,259,266,270,271,274,280,327,360,361,367,369,422,459,471,481
0,26,41,89,106,130,138,149,194,205,206,211,261,267,272,282,283,295,309,322,324,326,355,357,361,379,422,428,430,439,460,474
18,26,47,78,86,90,122,224
20,50,54,87,92,486
7,9,21,32,36,52,61,62,65,96,165,236,358,419,470,487
5,28,71,79,82,111,122,148,195,220,222,224,230,248,250,254,277,278,282,290,294,301,323,324,326,340,342,354,362,363,364,367,383,386,391,393,410,446,449,461,471,474,484,487
38,128,146,165,171,236,255,281,310,327,331,345,351,364,380,398,423,469
2,7,25,30,51,69,78,81,87,132,135,141,149,155,159,161,170,173,176,185,195,212,213,244,249,266,267,270,301,306,317,326,328,335,361,373,378,389,403,404,408,438,445,477,483,484,494,498
4,30,47,53,54,61,66,128,129,151,152,168,170,175,222,228,246,252,271,301,328,331,336,338,376,407,410,456,459,471,476,491
24,64,71,84,85,98,110,130,132,152,169,182,183,186,190,207,212,213,221,224,233,235,244,250,265,281,291,301,321,327,334,342,347,354,369,392,398,405,414,420,424,429,436,445,453,460,466,468,478,491,494,499
26,56,66,79,81,91,140,141,200,205,208,250,255,317,340,450,484,498
5,52,54,65,68,71,85,139,149,176,188,196,201,202,212,221,224,241,244,264,265,279,312,323,367,368,369,384,389,400,428,437,438,444,446,471
5,26,31,51,71,115,141,152,160,170,174,198,200,210,236,241,245,256,259,271,272,274,303,319,323,329,343,350,352,355,361,365,375,383,396,397,400,407,447,458
29,49,59,69,70,80,106,115,119,126,160,214,237,243,252,265,268,273,302,312,332,340,377,379,386,404,413,416,424,432,447,462
6,24,30,51,55,79,81,82,83,93,102,119,146,152,154,157,165,168,205,226,256,283,300,301,305,316,325,336,339,345,347,354,358,366,373,389,391,401,427,447,459,460,469,480,482,490
35,54,82,113,120,151,159,171,191,194,199,205,231,251,258,269,272,286,292,295,318,319,331,368,374,432,449,456,457,464,468,473,485,486,487,490
1,21,23,96,112,117,131,152,163,179,180,185,189,200,208,217,225,231,236,246,262,287,327,345,357,360,363,364,374,375,382,387,423,426,427,446,454,463,469,471,479,488
4,51,52,54,81,89,209,319,333,444
4,13,28,30,34,60,71,81,109,110,141,144,162,165,182,188,199,201,204,205,213,223,233,236,241,243,255,256,273,279,312,318,319,357,362,374,385,426,449,461,467,468,474,477,485,495
12,13,43,52,74,84,150,203,236,302,421,464,467,478
4,15,47,52,93,113,120,132,156,158,163,170,215,221,222,226,228,272,275,311,358,382,438,439,440,445,470,481
6,7,37,71,79,91,124,142,143,156,157,158,169,174,178,214,238,239,244,257,258,264,265,275,282,318,330,337,346,355,377,380,382,383,394,409,425,427,440,458,463,465,467,488
0,13,23,28,31,34,60,74,79,81,88,110,111,120,150,163,170,254,256,297,310,312,356,363,393,406,414,421,422,424
4,5,12,30,55,88,112,117,119,128,159,208,232,250,268,275,298,308,317,331,348,406,418,446,468,487,497,499
7,22,26,28,37,38,66,124,142,158,168,170,171,186,210,212,213,221,243,245,264,282,287,292,306,351,392,417,441,451,472,493
8,18,32,36,52,65,92,99,102,129,130,227,255,318,329,337,344,359,362,369,370,374,382,387,425,432,472,473,491,497
15,32,39,58,76,79,87,89,127,128,136,138,156,157,158,161,169,178,186,203,204,215,232,235,242,278,280,304,306,307,313,326,335,340,352,353,355,363,368,374,395,419,420,425,429,432,435,471,472,473,479,485,493,495
10,22,46,65,73,85,118,121,174,323
10,31,65,72,169,192,211,217,231,283,307,331,344,364,368,378,385,406,415,418,464,481
17,21,28,31,66,81,87,110,187,198,288,362,390,401,442,451,476,497
0,13,15,50,52,77,95,123,154,183,188,225,275,314,377,402
5,28,57,71,72,103,105,120,123,384
28,29,69,105,122,133,138,160,191,192,217,224,228,230,236,248,250,252,264,282,296,298,300,314,315,326,335,341,345,364,386,388,393,398,401,427,435,438,442,448,449,454,455,458,467,486,489,490,491,494
35,71,80,85,98,106,122,168,171,193,195,198,200,205,210,233,247,252,261,272,273,281,282,287,289,301,302,310,313,322,325,326,336,337,338,340,374,380,383,417,444,456,473,475,478,480,483,490
2,24,71,82,113,181,193,325,334,429
0,7,38,49,56,57,60,77,89,104,106,117,135,183,253,329
12,23,29,48,81,93,129,136,137,154,155,157,168,179,209,264,294,301,308,317,320,335,337,345,349,354,382,387,388,392,395,424,435,444,461,469
20,28,36,65,81,87,147,197
2,77,79,104,132,164,173,187,199,250,256,271,272,299,304,325,377,384,407,414,417,418,422,449,454,478,479,496
20,123,133,147,151,171,173,187,192,211,220,226,244,245,246,273,290,299,300,313,354,372,382,399,410,424,426,433,440,452,460,466,484,488
3,15,31,45,54,60,72,89,133,150,151,158,163,197,207,208,289,293,323,325,360,366,370,421,423,444,454,456
4,36,39,47,69,98,123,129,230,323,369,406
5,21,23,30,108,141,149,150,157,169,170,185,186,188,194,196,199,202,204,219,223,229,236,237,244,245,269,295,308,317,320,326,337,342,344,353,383,384,387,413,417,420,431,448,456,458,463,497,498,499
26,28,49,61,78,97,107,361,365,400,420,422,457,469
37,104,107,109,115,139,155,156,158,164,169,177,182,210,212,216,223,234,241,247,248,250,256,284,296,300,303,330,334,336,341,347,353,361,376,385,387,398,408,411,425,446,447,459,463,469,475,482,497,499
12,72,78,81,85,87,118,121,166,172,195,209,213,214,248,333,336,337,379,386,415,477
5,6,7,20,46,66,85,118,160,178,189,224,303,408,489,490
5,23,27,52,59,60,79,115,158,164,165,179,211,230,246,270,297,318,323,334,338,340,355,377,378,382,403,417,436,438,443,457,462,463,478,480,481,487,493,494
2,31,51,52,60,85,153,156,164,177,182,183,185,186,194,197,220,230,248,251,258,310,313,317,325,334,341,345,360,363,389,405,411,434,450,451,452,478
39,57,85,103,111,150,151,167,178,184,190,193,223,241,265,278,299,302,308,312,321,340,360,374,383,394,407,415,421,446,461,497
3,20,26,80,134,136,151,176,180,191,201,208,234,248,257,291,342,345,347,350,370,371,376,382,385,402,409,426,442,446,454,462,483,497
31,38,74,80,82,95,102,150,176,187,201,218,263,268,271,291,301,304,310,313,319,320,321,326,332,359,370,381,392,393,396,404,423,465,476,485,487,489
2,27,35,74,98,104,108,139,169,172,189,201,214,217,229,234,236,240,268,271,334,344,380,411,417,433
2,11,28,52,57,71,91,116,119,137,139,146,148,163,164,177,205,210,235,241,264,268,283,287,317,360,378,389,392,400,406,425,426,448,468,478,497,499
8,12,14,24,27,58,59,72,74,85,87,93,105,112,136,137,146,147,177,178,183,191,200,203,204,207,213,214,218,239,240,262,295,315,316,326,339,342,371,375,415,429,437,464,478,488,495,497
5,46,77,82,105,106,109,111,113,162,169,180,188,227,246,253,261,265,270,275,276,277,292,318,324,332,338,343,346,349,363,373,377,385,386,390,391,404,415,420,428,442,463,470,472,478,480,481,488,489,493,494,495,499
31,45,65,66,70,73,79,80,145,174,178,180,187,194,197,208,210,215,218,221,223,226,230,236,243,255,271,287,303,305,331,350,367,382,395,397,402,411,418,422,428,430,433,444,450,480,487,497
7,81,87,111,127,133,168,193,194,203,214,229,234,245,261,262,264,307,312,340,365,369,370,372,434,447,454,460,462,467
31,61,88,104,133,141,167,181,188,194,202,215,219,222,227,231,234,244,257,283,292,300,312,314,320,333,338,340,363,365,370,371,375,389,392,393,408,411,416,423,424,428,448,449,452,453,456,460,461,463,470,498
10,19,25,117,118,123,141,145,158,165,170,199,212,262,294,299,311,337,339,349,360,388,390,393,422,458,486,488,498,499
23,35,90,111,118,123,133,139,188,210,218,221,262,269,276,284,293,314,324,329,333,340,342,351,376,393,416,425
5,25,35,49,66,95,117,118,121,123,137,141,144,156,173,178,203,214,220,223,229,230,232,236,261,283,295,325,326,328,348,360,374,387,397,445,461,489
37,82,85,104,112,120,180,184,189,191,210,223,247,269,297,311,317,318,321,327,358,367,374,391,406,409,411,414,416,420,439,445,466,474,475,480,490,493
20,24,93,109,110,129,143,221,323,329,332,340,376,382,388,402,415,427
23,28,31,46,56,61,87,104,123,173,176,194,201,208,215,235,250,260,271,308,389,401,407,435,463,478
14,27,35,54,60,115,152,166,177,178,181,214,225,231,233,242,249,258,259,267,272,277,299,301,309,320,335,354,356,373,410,417,418,430,432,438,445,461,463,473,474,481,482,490
9,29,34,37,39,48,74,81,82,93,113,117,119,137,150,174,182,194,211,214,217,221,224,232,234,239,260,269,274,285,360,380,384,385,391,395,401,406,410,412,413,427,455,456,457,460,470,495
31,49,72,78,135,141,144,145,150,179,248,277,312,345,383,440,458,467
25,27,36,46,85,101,103,111,115,144,156,185,190,193,206,246,262,271,286,310,316,325,332,345,387,417,426,432,435,449,450,453,455,458,473,478,480,494
17,25,69,142,162,180,190,192,202,209,210,211,234,236,264,268,274,283,285,287,288,300,305,320,325,331,351,359,365,367,377,386,387,391,394,401,407,414,419,422,436,443,453,460,467,469,480,485,491,495
0,37,40,45,47,65,68,69,77,78,81,93,146,155,173,178,192,193,202,215,218,231,253,285,292,352,377,388,391,401,420,446,453,467,470,471
26,28,30,46,66,72,73,79,89,90,105,111,121,130,133,154,171,174,177,178,193,194,198,218,229,238,250,252,255,258,272,282,305,315,319,330,333,339,361,363,380,384,386,391,397,408,423,436,443,448,454,471,483,487,490,496
29,36,42,61,97,106,118,123,125,139,141,149,152,174,198,210,242,243,277,283,310,334,335,358,462,481
7,39,45,47,56,73,84,95,104,105,109,117,119,121,139,156,180,204,219,233,257,266,303,309,317,336,394,402,408,433
64,66,81,85,93,103,112,121,130,136,168,173,185,191,214,216,235,249,269,274,276,283,285,288,294,301,304,308,310,313,315,317,318,320,337,348,363,367,395,398,405,417,418,425,431,433,454,462,465,468,484,494
27,47,56,79,80,82,94,142,149,188,191,203,208,225,232,249,255,258,280,283,286,287,291,301,305,325,330,336,337,339,343,349,355,359,361,364,367,376,392,401,402,403,407,408,410,415,425,434,453,470,472,491
30,71,81,82,85,104,135,136,158,161,167,171,300,408
41,52,109,118,124,153,163,168,169,186,191,193,196,231,236,246,274,285,296,309,318,335,341,345,416,435
8,14,23,28,31,51,60,74,85,105,182,191,208,231,239,247,273,288,301,355,360,376,487,492
23,26,71,75,104,108,147,148,161,266,459,465
8,97,141,145,150,151,162,168,193,199,221,227,231,243,245,264,271,272,285,289,306,338,348,368,369,379,389,403,406,408,422,429,433,435,440,441,457,476,486,490,493,496
8,27,65,68,71,88,118,123,143,146,151,153,158,162,167,168,187,188,190,191,197,201,211,216,223,237,239,255,256,267,269,282,287,301,339,341,342,354,358,366,368,379,395,401,404,409,421,433,440,442,444,450,463,499
7,17,30,54,57,66,74,89,113,133,144,164,184,185,190,197,227,230,241,267,313,338,347,368,422,455,456,491,492,498
7,54,60,72,113,147,152,153,159,166,170,202,203,204,220,228,232,233,268,277,284,288,289,291,299,304,309,315,318,323,324,339,340,345,351,352,353,378,381,388,389,406,416,421,428,457,471,476,479,493
65,83,131,155,162,193,198,201,206,212,218,220,222,231,234,237,238,241,252,260,262,271,273,277,281,288,307,308,331,340,344,347,360,363,368,373,383,385,402,404,413,421,422,423,433,439,440,460,473,478,489,495
5,24,37,106,115,141,145,163,175,354,357,360,419,439,440,492
54,69,106,127,132,145,151,200,201,205,207,215,219,228,233,246,261,263,287,289,290,299,309,310,315,319,334,339,356,363,385,416,422,451,471,476,478,483,490,495,497,499
0,3,4,5,21,27,37,60,146,159,179,185,188,201,202,204,219,221,241,250,251,252,256,258,260,266,305,314,330,334,335,343,366,375,379,400,406,424,428,434,445,446,447,449,450,456,467,468,470,471,479,483,484,488,489,491,495,499
6,12,30,35,51,60,79,104,113,139,145,165,171,179,184,191,195,213,234,235,239,247,259,263,268,283,299,314,316,329,331,342,347,351,353,355,363,368,374,385,391,398,402,405,408,413,420,430,432,439,441,445,446,447,461,473,480,498
11,38,56,60,88,106,121,123,139,145,174,188,208,217,231,241,246,248,253,272,273,285,293,307,310,324,325,327,335,338,345,347,353,355,375,379,382,424,432,435,439,449,457,494
8,34,88,126,135,136,148,153,178,199,278,302,308,310,348,356,363,379,395,433,440,451,472,486
60,74,91,108,115,127,139,152,155,157,172,178,184,186,225,226,263,340,348,356,366,375,405,408,429,435
12,19,23,84,113,143,149,159,201,222,250,255,280,289,295,305,320,361,380,400,440,465,471,472,479,497
13,27,30,52,57,71,89,106,146,165,166,178,179,191,192,199,213,254,263,285,294,320,365,400,404,416,418,420,426,427,434,436,487,497
0,93,112,129,147,151,159,171,172,174,175,178,185,190,194,207,216,233,235,243,246,256,278,298,308,310,317,335,342,344,349,365,367,371,414,415,419,423,430,458,471,495
7,29,47,92,125,129,136,166,167,190,205,214,223,228,238,243,252,260,270,274,276,283,285,299,306,323,336,340,345,348,350,352,357,376,444,462,475,493
32,51,81,130,131,146,154,165,167,168,174,177,181,201,216,234,254,265,266,276,283,284,289,325,328,361,422,445,446,451,459,487
9,24,50,68,69,97,98,112,139,145,153,154,155,161,163,168,191,201,218,274,311,318,332,342,369,379,386,391,403,421,428,434,440,448,462,485
3,17,31,54,82,89,102,104,130,142,185,226,261,272,297,314,315,320,334,372,375,376,381,393,399,419,420,448,465,499
3,34,57,61,108,139,174,203,225,230,250,262,274,283,289,295,304,305,354,378,391,400,430,431,438,457,478,484,489,493
13,32,36,49,134,137,145,153,178,179,215,234,280,282,295,321,336,347,432,456
21,24,26,51,60,66,67,82,109,126,130,168,169,181,216,224,229,311,345,352,353,364,369,374,380,390,391,405,459,473
42,92,112,115,135,139,156,177,187,190,239,391
8,27,32,39,56,64,66,82,84,107,109,113,130,151,183,207,214,215,222,227,255,265,278,285,289,302,306,340,346,359,360,371,376,377,380,396,398,402,403,415,417,435,445,449,462,496
33,43,46,66,108,115,147,148,149,161,178,181,183,184,189,193,194,208,215,221,223,229,230,235,237,240,247,248,251,264,265,278,283,296,311,319,330,341,363,375,383,385,392,397,403,421,424,432,440,441,442,447,457,461,467,470,471,481,483,490,492,494
20,46,108,139,155,166,167,180,184,208,221,245,290,291,293,301,305,315,317,325,337,341,349,352,375,377,382,384,389,395,428,444,448,453,466,472,477,487,488,494,495,498
0,31,68,72,79,80,116,123,151,154,158,172,180,196,216,253,264,300,316,382,400,428,431,445,458,477
21,24,34,62,115,123,139,151,170,180,184,217,237,278,289,290,295,297,359,379,390,392,423,427,430,442
12,71,82,85,98,107,111,112,115,130,150,183,192,225,230,247,261,269,292,316,319,320,322,334,346,347,368,383,385,387,411,425,433,434,442,467,475,489,493,494
5,8,39,56,98,165,181,209,217,233,239,242,245,249,256,260,265,270,302,306,311,318,326,331,341,350,374,381,395,399,408,412,417,421,424,431,439,441,454,461,462,465,466,479,482,496,498,499
18,27,36,77,106,137,151,183,191,200,223,240,249,250,302,311,315,322,337,348,371,376,410,478,481,493
3,19,39,48,61,66,78,81,107,113,120,137,147,153,161,172,175,186,201,202,213,274,277,295,311,388,405,410
47,70,87,114,133,142,166,206,212,214,221,241,246,247,251,258,263,266,268,273,276,280,285,289,290,292,304,305,308,313,314,315,318,320,327,339,352,359,367,370,378,383,392,395,398,406,414,419,425,435,446,450,470,473,490,492
4,27,34,74,109,121,130,141,150,153,157,159,166,169,217,218,224,231,240,250,256,258,262,266,268,271,274,277,281,291,312,315,330,344,357,360,362,364,368,369,381,385,399,404,407,412,418,423,438,445,449,457,458,460,480,482,487,490
22,27,28,34,54,74,82,93,98,125,136,144,163,166,178,230,295,335,339,346,350,352,362,368,389,402,419,497
2,12,31,47,50,51,77,104,106,108,121,141,156,181,209,220,245,263,265,271,288,299,312,332,345,370,382,384,385,407,412,417,419,428,430,431,445,480
2,20,28,30,35,68,72,81,104,106,115,121,142,151,185,190,208,229,235,268,274,302,310,322,323,326,391,394,400,474
19,26,48,56,61,79,82,92,110,118,142,149,151,154,158,162,163,171,192,200,209,222,232,235,245,261,272,281,302,329,352,356,358,365,379,385,386,402,423,449,466,476,481,498
3,12,23,28,51,60,61,117,123,153,155,161,167,183,197,200,201,216,230,239,373,404,457,460,461,495,496,498
7,11,45,48,59,68,83,88,94,141,171,178,191,193,198,203,215,217,225,241,263,272,279,286,301,318,320,322,326,336,349,352,373,388,397,403,421,437,463,488,490,493
9,18,25,26,30,39,58,89,91,113,125,129,149,163,186,204,206,210,216,226,235,248,249,265,268,292,293,318,324,328,329,336,348,350,351,374,382,384,394,395,397,399,441,459,470,485
24,32,148,151,153,157,167,168,181,194,210,256,280,293,298,320,331,342,367,371,373,380,425,451,467,470
14,17,24,36,51,60,65,71,82,139,155,170,183,184,304,319,371,431,460,480,481,483
23,52,86,102,136,145,158,180,181,212,222,235,242,248,250,251,252,254,257,272,274,285,287,290,293,299,303,316,333,338,339,345,349,358,359,367,370,375,382,386,393,395,397,399,400,401,425,428,429,431,438,448,452,456,459,468,479,496,498,499
27,56,106,108,117,121,153,157,160,163,177,184,201,202,209,226,232,234,238,240,246,251,270,271,287,289,292,299,300,301,302,303,307,312,323,329,330,346,347,354,358,364,368,372,374,382,384,397,400,401,410,417,434,440,441,442,447,449,450,453,481,484,487,497
4,19,23,26,78,82,88,89,102,105,117,155,181,189,200,214,220,233,239,240,242,244,251,278,287,299,312,331,333,340,347,364,380,387,395,401,402,415,440,449,451,456,473,478,483,486,489,491
115,139,141,146,153,158,159,178,192,201,207,228,231,241,249,252,254,264,267,270,275,284,290,318,327,328,330,352,366,369,372,376,380,389,406,408,409,415,416,420,433,441,449,451,454,459,467,469,471,486,492,493
6,21,23,24,41,74,93,99,102,106,108,129,143,163,198,210,229,231,239,241,244,252,258,269,270,280,311,314,321,324,327,331,342,354,362,366,369,370,371,380,384,386,387,394,402,404,408,411,424,425,429,435,454,455,464,471,490,496
29,30,31,35,57,61,65,77,84,86,91,113,127,162,172,188,196,205,216,227,228,232,233,234,236,244,249,255,258,263,281,286,290,306,307,308,310,324,342,343,358,359,360,365,369,370,374,390,391,392,396,403,415,418,423,424,432,435,460,465,468,470,478,480,485,490
30,38,47,48,68,111,117,136,153,188,195,217,221,235,236,255,273,277,294,304,305,307,311,318,322,334,351,352,354,356,367,383,402,409,417,420,425,430,463,467,473,475,477,486,495,499
7,12,29,57,122,152,155,177,179,200,225,233,258,263,266,269,278,290,295,299,305,307,317,338,340,345,352,357,358,359,364,372,381,385,396,397,403,424,435,436,445,447,464,468,478,479,481,482,495,499
23,105,117,129,180,183,192,223,225,451
3,139,149,154,158,168,198,201,213,224,251,316,379,453
24,31,37,54,56,59,68,81,85,102,129,138,144,145,153,158,179,196,201,205,211,215,237,241,247,250,254,260,261,263,271,273,274,278,279,284,285,292,301,309,325,346,355,356,369,371,381,382,392,398,405,406,407,414,419,427,435,437,443,448,455,467,471,479,482,485
12,30,51,60,87,112,113,125,155,162,167,174,175,177,181,186,210,223,224,256,265,409
10,59,66,84,95,96,120,123,158,163,172,180,214,221,225,235,237,253,260,294,302,311,321,331,334,343,346,360,364,365,370,372,383,384,421,423,425,449,458,471,486,493
12,15,36,49,69,106,115,130,162,170,180,183,191,206,222,225,227,262,264,275,281,282,289,292,293,308,321,334,342,366,370,383,386,419,434,460,466,480,483,491,492,493
27,60,64,77,88,141,147,149,154,155,163,166,181,185,193,197,221,225,253,265,279,307,364,373,385,499
2,29,56,72,91,106,123,150,161,171,185,191,201,213,214,217,220,226,232,246,255,300,312,352,360,372,376,377,398,399,417,425,441,450,481,488
4,31,35,47,74,77,85,97,101,103,109,113,115,116,129,139,149,153,158,166,174,225,226,240,247,251,255,261,262,263,276,281,285,287,289,293,296,299,315,324,327,341,343,350,353,356,357,370,373,401,402,403,411,413,418,420,434,435,438,443,447,471,472,473,482,485,488,496
0,3,26,30,60,61,110,139,178,181,201,204,230,232,238,253,262,266,271,274,276,277,278,279,280,286,291,293,297,310,315,317,321,326,327,328,332,340,341,342,344,345,351,357,369,371,383,402,408,426,428,433,447,448,464,467,480,481,482,489,490,491,497,498
7,34,37,64,92,118,168,181,192,221,237,246,259,264,276,305,313,315,318,324,355,402,407,411,422,440,441,461,478,490,495,496
3,17,37,49,83,93,118,151,163,175,178,185,199,206,215,222,224,243,252,259,270,276,278,279,281,284,291,298,302,304,305,309,311,314,320,322,324,327,331,333,336,337,338,346,355,361,370,382,385,397,401,422,433,443,444,456,462,481,486,491,492,494
6,12,13,26,32,43,45,50,149,151,201,207,210,221,222,236,246,251,260,274,290,299,336,342,361,383,388,389,395,401,406,408,414,425,426,432,434,440,444,449,450,454,456,468,472,478,492,499
31,35,77,108,109,115,141,146,150,179,181,184,186,209,216,223,224,230,244,257,260,267,269,279,286,313,315,327,328,360,375,382,437,467
32,69,84,123,162,169,206,220,222,246,250,259,260,264,265,280,282,287,301,321,327,338,347,359,360,390,396,397,400,402,404,406,412,434,436,441,445,466,486,491,496,497
8,29,31,32,33,37,45,57,78,81,95,110,115,121,153,169,177,191,192,239,268,276,292,301,310,314,315,329,337,340,342,343,349,350,352,357,363,365,369,373,380,386,390,393,399,405,412,413,415,418,424,426,427,430,431,433,437,438,439,444,445,463,465,466,467,476,481,494
20,31,36,46,48,57,71,79,91,104,106,108,118,136,139,155,222,224,225,241,376,403,474,483
17,35,39,60,69,80,93,109,121,136,139,154,177,202,206,212,214,249,262,268,274,279,280,284,286,293,308,321,343,349,360,364,370,379,381,382,394,401,421,436,439,457,461,470,493,499
30,39,43,47,60,72,105,113,136,144,152,165,174,183,186,191,209,221,235,238,240,242,247,255,258,259,270,274,281,284,285,288,291,296,298,307,313,314,324,327,330,337,349,350,353,356,357,368,369,390,401,404,408,411,418,433,439,446,471,481,492,499
30,36,46,64,71,72,77,130,141,159,175,185,201,205,209,230,236,246,290,300,359,365,375,407
7,59,68,74,79,102,129,141,142,145,147,164,186,201,217,220,257,271,275,282,284,286,289,309,317,340,343,348,361,372,377,382,383,393,395,399,407,409,410,422,435,444,450,453,459,463,470,473,474,496
4,18,35,77,104,162,171,172,206,207,217,223,225,245,281,284,290,292,293,313,317,339,348,352,353,362,370,374,384,388,396,405,409,413,435,440,487,493
22,26,29,47,59,61,66,69,73,87,102,106,107,120,129,135,141,161,168,184,189,196,207,210,220,230,242,286,398,437,439,449,461,490
14,32,38,84,112,145,184,201,209,220,221,222,229,236,240,261,263,264,266,267,272,276,283,285,291,299,301,303,311,313,317,323,324,326,328,330,331,337,345,347,355,362,365,368,374,377,387,403,407,412,418,422,443,445,446,450,453,454,462,465,482,491
9,33,46,52,60,85,105,110,129,130,168,181,184,192,220,223,224,239,309,314,348,453
6,27,28,32,33,39,78,81,132,152,167,186,203,232,234,237,270,302,314,315,371,396,441,461
4,45,52,60,65,81,102,119,190,193,220,223,230,259,261,267,277,278,281,285,290,308,322,341,355,357,361,366,367,370,371,384,385,389,390,393,403,405,410,415,416,429,432,437,438,440,441,448,450,451,462,475,478,495
36,66,103,107,115,122,153,168,172,178,189,200,225,226,235,236,246,287,288,293,296,302,318,320,321,326,333,347,351,352,360,362,376,384,388,398,408,409,413,425,428,438,445,448,451,466,467,471,478,481,495,498
25,60,65,71,85,109,111,115,119,135,141,178,184,191,206,210,218,231,258,265,276,282,284,291,292,294,300,305,309,319,328,338,343,350,354,355,356,360,375,381,389,391,399,405,415,416,421,422,425,427,441,452,454,465,470,480,488,489,491,497
0,3,28,118,147,155,170,220,241,248,264,265,268,284,292,296,304,326,328,329,341,349,362,369,377,381,386,395,399,404,407,411,413,415,422,451,466,472,473,474,475,478
31,46,73,96,112,118,145,162,168,172,184,209,210,224,225,227,246,256,262,264,265,267,270,274,277,288,297,303,307,312,313,317,344,346,348,350,353,364,371,373,382,384,392,394,401,410,412,415,429,434,436,437,438,456,460,463,476,482,494,497
69,97,109,162,185,238,239,242,246,254,262,263,269,270,272,292,293,298,305,309,317,321,331,332,334,335,340,348,349,357,361,363,365,367,370,371,378,379,381,383,385,397,401,403,415,426,432,447,455,460,468,469,470,472,480,483,485,488,489,493
32,44,47,54,77,161,163,181,184,192,206,230,232,240,241,242,271,280,287,289,293,325,326,332,343,345,349,353,357,386,394,398,401,407,418,426,430,436,445,451,456,470,473,479,489,493
4,46,68,81,98,130,152,154,158,183,195,205,214,230,236,251,254,262,268,272,282,312,332,358,393,457
47,49,56,61,93,113,151,154,156,157,165,181,196,210,233,236,237,245,258,259,261,264,266,271,281,289,299,304,308,322,325,327,329,330,336,338,344,348,357,367,368,372,397,402,413,417,427,445,448,449,454,462,466,470,471,473,474,475,476,479,493,498
14,17,46,54,56,58,68,69,71,73,77,82,148,183,185,188,190,209,212,216,225,227,230,236,251,259,307,324
12,49,54,81,83,88,108,118,121,129,133,150,154,166,177,201,203,223,233,238,242,251,257,258,262,268,274,278,283,284,303,307,317,322,340,359,437,438,449,453,472,482
22,29,32,57,60,61,64,79,92,106,108,110,118,146,152,193,200,201,206,212,217,231,234,242,256,257,258,274,283,293,299,305,314,341,344,353,374,416,418,426,427,440,456,467,472,497
17,45,46,97,104,170,176,184,193,209,210,227,237,251,262,276,368,405
69,77,89,98,104,162,178,179,223,241,251,254,258,272,288,292,307,313,388,392,404,421,422,425,426,429,433,451,456,465,480,496
30,35,36,37,49,77,83,88,110,120,148,149,150,166,180,185,209,210,213,217,243,245,257,261,264,273,288,290,291,298,305,338,345,349,351,359,360,373,392,411,422,427,434,439,443,456,479,482,484,486,490,499
2,9,12,13,46,66,82,112,139,157,159,163,171,178,205,224,227,241,259,271,276,279,281,296,301,304,305,330,333,346,350,352,366,375,378,392,393,403,429,431,436,438,442,452,456,464,467,470
50,97,104,144,152,192,206,221,223,224,239,246,253,258,259,278,281,321,322,368,373,456
24,55,76,77,82,96,97,105,109,135,148,149,153,161,165,177,181,210,212,221,230,237,248,260,262,269,273,277,281,283,288,299,300,302,306,319,320,325,337,338,341,343,366,370,375,382,383,387,396,398,407,408,413,423,432,438,449,457,463,465,472,477,479,493,496,498
8,74,98,109,112,117,130,135,162,168,177,186,195,214,216,220,251,259,261,267,276,394
7,29,47,49,78,81,110,115,130,136,175,181,186,209,226,230,268,271,274,275,276,280,282,285,286,303,312,321,323,336,340,342,346,354,367,370,375,378,379,395,396,404,411,418,422,423,429,441,448,460,463,471,473,476,483,489,490,497
3,12,21,46,54,79,81,97,109,163,166,171,174,192,194,196,208,210,213,220,230,237,240,245,246,258,264,265,273,283,285,297,298,302,306,309,311,325,338,345,351,359,360,364,372,374,381,389,394,404,413,419,420,421,424,434,436,443,467,471,472,476,493,497
24,50,56,117,118,120,127,152,223,233,248,273,293,295,311,312,321,327,342,354,362,369,384,392,415,429,452,456,477,484
31,48,57,59,68,79,152,157,171,192,193,209,236,237,238,239,243,251,256,266,269,272,273,441
20,46,48,52,66,72,75,96,102,152,162,164,169,180,181,208,210,226,237,254,258,271,289,294,300,301,324,345,356,365,384,392,395,399,434,443,448,470,482,485
11,37,47,52,56,59,71,102,123,146,187,191,200,201,204,222,227,230,237,239,254,264,270,282,290,302,305,316,325,356,370,398,434,442,466,486,491,499
5,108,115,216,230,234,237,239,241,245,269,284,285,293,302,312,316,322,323,325,327,328,342,364,365,369,370,375,391,393,403,413,418,421,438,442,444,448,473,482,484,487,489,491,493,499
0,12,52,75,89,95,97,123,172,189,197,209,218,224,237,242,245,260,273,283,287,291,292,299,300,302,311,313,319,326,344,345,346,349,352,353,355,366,369,370,373,375,378,385,392,393,397,400,406,411,423,426,429,430,434,435,442,449,453,457,459,463,466,494
6,23,37,39,59,72,80,103,106,130,181,210,214,225,233,236,239,246,249,254,262,269,270,271,377,385
0,47,55,65,98,102,118,121,129,130,168,178,197,233,242,248,256,261,273,278,303,314,338,344,379,393,404,406,407,411,419,424,471,495
15,29,51,61,71,79,80,93,98,111,125,150,155,158,166,169,171,172,185,192,193,196,201,251,264,265,271,274,280,289,302,317,321,332,333,337,344,354,356,363,372,378,381,395,424,431,461,476
20,30,57,73,74,92,141,157,180,193,223,230,239,245,246,248,249,256,257,264,279,296,306,307,314,319,335,348,351,354,362,367,373,375,380,402,405,406,419,424,451,455,459,463,468,470,471,472,477,483,485,491
17,27,29,30,32,50,56,66,72,79,163,166,167,171,174,177,186,190,192,200,209,220,230,236,246,251,254,273,274,279,293,295,307,330,338,348,363,383,386,387,390,410,438,448,486,497
58,72,112,165,172,216,225,237,241,245,248,250,273,316,329,335,380,393,403,428,429,479
7,30,37,51,63,113,121,130,150,153,166,172,178,183,220,221,222,236,242,255,260,280,313,320,324,330,358,379,390,408,411,417,429,461
21,28,126,166,171,175,180,181,212,246,255,258,267,268,271,298,301,317,319,320,324,334,335,336,340,342,347,349,353,360,364,366,373,389,392,393,398,401,402,404,419,423,431,437,442,447,455,462,463,472,478,483,494,499
10,16,29,31,45,55,57,130,137,177,180,183,189,193,196,200,204,209,221,233,236,248,260,262,277,283,300,311,312,322,372,379,405,411,460,464,466,491
60,74,79,102,136,183,202,204,209,220,223,225,227,240,247,249,254,268,278,408,411,454,463,464
6,47,49,84,88,93,106,147,148,172,180,202,210,237,239,246,251,256,268,280,298,301,308,313,319,320,325,331,340,344,346,349,365,366,368,369,371,372,373,381,387,391,393,395,397,399,403,407,408,409,419,432,435,438,439,444,458,459,461,463,464,466,471,472,475,476,478,497
4,27,30,57,74,80,95,112,121,152,155,167,205,209,217,221,230,233,243,249,256,257,259,267,280,295,296,297,301,322,328,336,343,360,363,404,409,418,422,456,464,473,476,491
3,4,6,31,32,46,48,64,68,77,80,87,137,157,186,202,217,218,220,233,236,237,245,249,255,259,260,265,275,279,285,307
2,71,72,77,78,102,133,156,171,190,226,232,256,277,308,319,329,335,342,346,355,357,360,365,367,369,373,376,379,383,389,391,392,393,395,396,400,407,413,417,430,434,444,453,455,459,460,470,474,481,483,485,488,498
8,10,40,43,59,92,98,112,139,151,158,189,196,197,204,208,211,227,275,285,292,302,305,328,333,339,346,350,353,357,358,361,362,371,375,377,382,383,388,394,397,398,404,406,413,423,432,447,454,466,480,494
16,26,29,36,55,60,65,71,80,129,141,174,201,236,246,255,257,269,284,292,297,302,308,311,316,321,335,337,342,343,350,352,353,366,367,371,374,377,388,390,391,418,419,420,423,425,428,429,431,432,433,438,440,446,448,451,456,461,462,478,493,499
10,14,21,47,119,144,159,195,204,237,258,274,292,296,300,301,302,310,317,320,322,327,329,332,335,337,347,352,369,370,376,378,380,381,382,385,392,395,397,398,405,406,409,412,414,427,428,435,437,448,454,458,461,462,463,466,467,469,471,473,476,479,483,492
4,11,47,73,80,120,129,191,218,239,246,259,268,274,288,291,300,303,312,318,319,323,330,334,338,351,352,385,426,427,440,447,451,452,459,464
18,37,76,77,135,136,146,156,162,180,183,185,192,212,220,221,222,227,236,240,251,262,265,271,280,310,322,326,329,346,360,364,392,418,429,430,431,436,438,442,449,483,491,499
35,60,89,111,129,136,141,155,166,173,203,221,235,247,256,271,277,280,289,297,298,402
0,5,21,102,104,105,106,111,130,133,148,162,171,172,175,178,202,216,221,230,242,243,251,269,277,288,291,292,297,303,307,310,319,325,330,339,340,344,353,357,361,383,388,390,391,395,396,399,408,421,427,428,442,447,451,460,463,476,478,483,487,496
2,5,11,17,31,50,64,71,110,116,130,146,187,200,206,207,213,214,221,232,239,253,255,271,274,278,279,280,283,295,296,297,306,308,313,316,320,321,326,337,339,359,366,367,375,377,383,384,395,406,409,410,417,419,421,425,430,439,447,450,451,452,454,455,458,459,463,470,477,479,480,481,486,487,488,489,491,493,495,496
3,24,29,31,36,41,109,141,143,153,170,220,221,251,258,264,273,282,298,301,413,421,447,491
12,82,123,135,148,171,180,196,209,219,226,239,257,262,269,366,405,427,437,461,473,479
3,30,43,60,63,89,111,153,166,168,172,184,189,196,202,209,226,227,238,239,256,259,265,268,269,278,295,311,318,321,324,329,330,334,335,337,342,358,359,367,368,369,372,375,377,383,384,388,391,392,396,398,408,419,438,442,448,454,455,456,457,463,465,472,486,492
0,5,54,104,121,123,177,192,200,206,225,271,274,284,302,312,314,322,329,334,337,354,356,358,361,362,373,377,379,393,405,407,408,419,427,433,436,437,448,449,456,467,479,482
3,8,10,56,59,88,92,123,125,154,181,186,221,225,226,227,234,246,258,263,264,267,284,285,293,301,310,317,320,324,326,336,338,347,349,356,359,361,369,384,385,392,393,397,407,408,409,411,422,425,434,437,440,447,453,460,466,475,482,484,487,489
46,57,64,79,84,120,133,139,146,161,171,181,187,191,209,225,233,245,254,262,291,294,296,302,313,327,329,332,335,336,352,353,362,363,370,374,385,388,389,393,398,400,401,411,412,413,415,426,428,431,445,447,453,460,466,472,478,480,483,485,486,494
11,38,52,57,79,98,162,170,174,180,183,230,239,248,252,256,259,274,312,315,317,322,332,341,343,351,360,370,381,388,396,411,412,414,418,428,443,445,451,455,460,462,475,476,487,496
27,34,35,59,72,103,119,130,145,148,165,169,171,183,186,187,191,213,225,237,243,297,299,301,307,313,314,316,319,326,331,336,339,341,343,344,345,349,351,353,354,355,367,371,373,377,384,391,393,394,401,403,405,409,411,414,424,427,434,440,447,449,457,459,462,463,466,477,478,480,481,486,489,497
39,60,63,78,89,117,156,159,194,198,201,206,207,208,224,226,232,239,251,274,275,280,289,296,305,315,321,328,341,343,348,352,358,372,378,394,417,418,446,466,482,484
4,12,62,78,108,110,115,119,146,154,155,164,210,212,221,222,235,258,261,273,275,279,289,298,306,309,331,367,389,393,396,412,429,439,462,496
9,21,59,71,78,81,94,95,123,130,136,145,148,171,179,209,238,241,246,249,251,258,267,280,287,291,302,308,310,315,317,323,328,347,350,359,366,372,380,382,387,389,390,396,405,407,411,427,430,433,442,445,450,452,456,467,482,489
3,26,28,31,34,36,69,95,127,129,155,157,184,185,195,209,224,239,243,246,252,253,265,282,284,306,310,316,317,331,336,337,340,341,348,353,354,357,362,380,385,389,392,393,397,400,408,422,439,444,455,468,470,477,479,483,485,491,498,499
36,52,54,129,151,168,171,180,183,195,202,207,209,210,236,237,238,241,243,253,309,311,313,317,321,327,330,335,348,364,376,377,382,386,403,406,407,412,426,428,429,434,436,438,443,444,451,458,461,467,469,470,471,474,482,484
5,12,21,37,52,65,68,78,111,151,165,185,203,205,220,229,278,279,286,296,302,310,314,318,328,331,343,346,349,352,354,363,373,396,400,415,428,451,453,471,484,496,497,498
21,39,58,72,104,107,120,133,139,145,150,159,170,171,191,202,227,237,248,249,251,258,259,264,283,288,297,307,309,313,314,315,324,328,330,331,339,341,351,355,361,364,366,377,385,389,393,397,400,401,406,407,410,419,426,428,456,457,463,466,468,470,471,474,478,481,487,489,492,497
7,52,95,112,115,118,122,144,152,159,171,174,180,194,206,209,216,217,223,226,238,255,298,305,316,327,332,335,341,342,343,347,352,354,356,357,358,360,361,367,368,373,374,381,382,387,393,408,413,417,419,420,421,422,425,427,430,433,434,437,438,443,448,469,472,487,491,492,493,498
30,32,74,109,112,114,115,148,168,183,201,205,219,256,271,280,284,288,291,294,298,301,310,321,326,327,329,330,332,334,342,346,350,353,357,358,364,366,371,374,389,392,397,413,417,429,430,441,446,449,453,459,463,467,469,470,475,476,483,485,490,494,496,499
12,133,139,148,155,162,166,171,189,190,195,205,209,216,218,239,255,271,287,288,291,297,302,307,330,334,335,343,362,374,399,430,442,448,474,485,488,499
7,31,54,80,87,88,106,146,148,159,197,224,232,233,237,242,245,255,259,270,273,275,283,296,302,305,311,315,319,322,332,340,350,374,383,409,416,430,437,445,447,448,468,484,493,496
17,60,73,81,98,130,205,207,213,216,226,239,254,262,264,270,279,289,292,297,299,306,309,321,342,345,359,375,378,380,385,400,406,415,420,424,433,438,441,461,477,480,482,487,488,495
15,42,52,81,102,108,109,124,137,138,144,160,180,192,213,221,251,273,279,298,313,327,336,337,358,362,386,393,404,409,410,413,446,469
21,32,61,65,78,92,98,102,152,157,180,186,217,224,225,236,238,239,246,251,263,277,287,288,305,307,317,325,332,338,340,349,351,352,361,362,365,370,376,379,385,406,412,416,419,432,435,437,439,442,448,453,455,458,464,465,467,470,471,480,482,487,490,495,496,498
32,60,72,77,111,130,131,135,137,145,158,165,166,172,186,193,202,230,260,262,271,274,278,279,291,301,324,329,332,337,338,345,347,352,354,355,358,360,362,366,368,375,382,383,387,388,394,404,412,418,422,423,424,428,430,442,444,448,453,456,462,463,464,469,471,472,473,479,482,486,490,493,498,499
4,52,54,79,84,87,98,102,104,123,129,130,139,148,151,158,206,213,216,237,251,255,257,260,280,299,302,307,310,319,467,487
55,85,97,103,106,113,159,186,209,223,224,236,237,239,241,242,246,262,275,279,297,308,315,318,319,323,328,330,332,336,340,341,344,347,350,353,359,361,365,366,370,371,373,378,383,384,388,390,393,395,396,399,400,403,409,411,413,416,420,424,436,437,438,445,447,455,464,470,472,473,480,488,491,494,495,498
37,69,79,82,104,105,158,193,217,223,237,241,251,256,257,279,292,295,311,313,316,317,327,331,337,339,341,342,347,353,358,359,360,363,366,374,376,380,381,382,383,385,387,389,390,394,396,397,412,418,428,434,435,440,451,454,457,459,460,462,467,474,477,481,485,486,488,499
17,31,35,54,57,87,88,109,122,132,157,160,185,214,217,221,243,257,262,286,294,297,299,305,306,308,319,325,330,331,332,333,334,337,340,342,344,345,347,353,357,361,368,373,375,382,383,386,388,389,391,397,401,404,411,413,415,416,429,430,431,441,442,449,456,458,460,463,464,466,471,477,479,480,487,492,498,499
5,17,68,118,141,168,172,184,201,210,221,223,246,251,262,269,285,287,298,301,305,315,317,319,320,327,329,338,353,375,382,393,395,396,398,400,401,402,412,414,417,425,436,449,458,460,465,466,468,472,473,474,476,480,488,489,490,499
26,66,87,90,103,105,112,120,125,153,166,181,185,206,218,222,224,232,239,251,259,291,310,312,314,316,317,328,329,332,339,342,345,346,356,358,361,367,372,375,382,405,406,410,416,418,419,424,431,432,435,438,443,448,452,454,467,468,470,474,479,483,484,485,491,496
13,25,50,52,54,60,72,84,89,110,148,152,160,165,194,212,237,259,260,261,283,297,308,309,318,319,321,324,325,327,329,331,336,344,347,352,354,355,357,365,369,371,376,379,380,384,396,397,401,407,412,417,434,435,436,440,449,453,462,464,467,469,475,481,482,485,487,488,489,497
8,11,26,28,34,52,59,65,88,114,142,155,157,168,220,222,239,255,269,283,295,329,336,343,346,357,358,378,388,392,398,400,406,416,418,419,445,447,464,471,474,481,492,499
8,11,13,68,77,106,131,141,144,145,149,169,183,184,195,205,226,232,233,259,288,298,305,306,319,320,329,343,398,446,450,457,480,490
3,11,28,61,66,104,123,129,133,162,169,174,184,186,191,211,259,284,286,288,294,296,297,305,308,315,318,320,342,344,347,349,354,355,360,361,365,373,375,378,380,383,387,390,395,397,399,401,402,404,411,416,420,422,439,440,445,448,450,451,455,467,470,476,477,479,481,482,488,489,493,494
6,48,66,84,93,105,111,130,141,142,170,172,192,197,216,217,239,240,262,273,288,292,307,308,310,314,323,327,332,333,337,350,353,358,360,365,372,377,383,384,388,392,401,402,404,409,413,414,420,421,425,429,437,438,446,448,451,461,462,463,467,470,471,472,479,481,486,491,493,496,497,499
17,23,68,92,118,122,130,133,139,142,156,171,172,202,207,239,243,246,251,271,283,296,297,302,305,306,314,323,325,328,329,336,339,340,348,349,351,352,362,370,371,372,377,379,380,385,386,389,390,398,405,406,436,437,448,453,456,464,467,469,470,480,481,483,492,495
2,26,33,52,54,59,89,105,130,144,152,155,177,179,186,220,227,239,242,256,262,268,271,274,282,285,298,307,324,325,330,348,353,354,356,357,360,371,376,385,391,407,419,426,428,431,434,443,449,453,464,467,474,475,477,479,484,488,491,493
15,30,51,52,57,71,111,151,156,168,172,178,180,183,209,211,220,249,295,301,302,310,317,328,331,337,344,356,388,413,429,470
0,32,39,64,102,107,110,123,130,144,146,154,155,157,160,180,181,188,192,200,222,227,237,243,248,259,264,273,288,291,301,314,321,324,327,329,337,341,354,360,361,369,381,387,389,390,392,396,400,404,410,423,424,426,428,433,436,444,445,446,451,457,459,463,468,470,472,473,477,483,488,489,490,499
9,43,61,77,92,129,141,145,174,178,201,202,206,236,237,254,257,265,271,309,310,311,314,317,318,327,328,340,345,348,351,354,356,357,388,395,396,407,414,424,427,428,440,442,447,462,463,473,475,479,493,496
24,29,39,43,61,74,80,102,106,139,147,151,157,178,185,191,194,218,224,225,233,237,240,243,273,275,279,288,294,296,305,318,319,322,328,329,331,335,344,348,352,353,366,367,372,375,378,379,382,388,397,398,403,406,410,411,415,419,420,421,425,433,441,442,449,458,464,469,472,480,483,484,488,491,494,495,496,499
26,37,39,51,66,76,82,109,152,172,184,225,232,236,243,245,248,256,260,271,292,296,309,310,311,316,318,320,333,334,344,346,347,351,352,353,355,361,364,366,369,371,372,373,376,377,378,380,390,395,398,401,403,407,413,414,419,421,423,430,433,436,438,440,441,448,450,455,459,462,463,479,481,484,485,490,495,496,498,499
0,7,53,72,122,125,139,149,181,191,210,237,258,262,265,280,282,283,291,301,310,327,329,332,335,339,342,343,348,349,352,353,354,356,357,360,361,366,368,370,374,375,377,379,388,391,392,394,399,402,404,411,423,426,436,442,443,444,449,451,459,461,466,472,476,477,478,490,491,495,497,498
36,47,51,77,78,79,86,103,111,113,129,133,145,147,164,165,174,180,186,192,198,212,220,227,237,251,260,268,274,277,280,310,322,325,329,331,341,347,386,390,415,432,441,453,461,467
20,72,78,118,152,200,205,211,221,230,232,239,258,269,273,280,291,294,295,299,316,319,331,333,343,361,363,375,379,380,381,383,390,397,418,420,432,433,457,469,473,477
7,58,61,63,77,79,106,111,141,147,179,181,185,186,197,205,221,222,242,251,255,288,297,307,313,318,325,327,328,329,332,335,343,345,354,368,446,453,490,497
0,15,21,24,57,60,68,77,120,158,171,177,187,188,192,207,217,248,249,252,258,259,262,284,285,311,314,315,337,338,341,342,344,351,361,366,368,397,410,419,423,429,441,444,456,458,463,469,471,476,478,479
4,36,43,73,77,90,133,152,156,172,191,202,216,220,243,245,246,257,259,260,268,280,288,291,307,310,316,324,335,337,344,350,355,356,367,375,380,392,395,399,400,407,409,412,414,415,420,430,432,433,458,460,462,468,470,482,486,491,496,498
68,82,89,109,147,153,192,206,211,217,236,243,246,256,258,269,295,296,313,319,321,327,336,349,351,353,364,366,381,384,394,397,401,410,411,415,424,426,435,443,460,471,487,498
25,58,60,65,80,103,121,157,166,180,185,217,226,237,255,268,274,284,298,309,310,317,324,337,341,343,348,350,353,357,363,364,365,370,381,382,383,384,388,389,390,392,393,394,399,400,402,403,404,407,408,410,417,430,434,437,442,446,449,450,451,453,456,457,458,462,464,466,473,474,477,479,480,483,484,486,491,492
30,61,64,68,69,82,109,123,167,180,192,198,202,209,211,214,216,223,226,227,235,243,249,255,269,280,296,297,298,308,311,316,318,324,325,332,337,342,343,344,355,360,361,364,370,374,375,376,377,378,381,383,384,386,389,391,394,395,399,401,403,406,409,417,420,424,431,438,440,441,442,443,445,452,454,455,458,459,461,463,470,471,475,482,484,489,492,497
2,8,17,26,28,39,52,68,69,85,123,139,141,180,185,186,198,236,246,249,258,260,265,280,288,295,296,301,308,310,314,319,327,328,329,330,336,338,342,343,344,350,351,354,355,366,370,373,378,380,393,394,397,404,405,407,408,409,412,414,421,428,429,433,437,444,448,455,456,459,461,470,474,477,479,480,493,497
9,34,41,43,48,52,66,79,96,102,106,111,133,136,162,178,182,196,221,224,226,256,273,275,283,284,306,310,314,316,318,325,332,335,338,340,341,344,347,353,358,368,371,380,383,389,392,410,421,422,426,433,439,441,443,446,449,453,457,462,463,465,470,472,482,486,496,497
19,21,26,33,55,89,98,109,118,123,144,172,175,185,186,230,238,239,251,254,256,280,294,310,317,325,332,335,343,349,352,353,356,396,408,412,424,469
13,82,90,119,162,183,187,188,214,226,230,236,246,256,277,278,283,306,307,318,331,338,339,341,344,349,355,361,367,368,391,396,411,438,445,495
29,65,72,98,113,115,182,192,210,227,236,237,243,246,254,259,260,262,294,295,301,314,318,319,329,332,333,338,341,344,351,358,373,378,381,384,387,391,395,403,408,415,423,429,437,439,444,454,459,462,463,465,471,472,481,491
21,39,77,101,111,117,159,169,178,214,220,221,225,227,261,287,295,305,306,311,318,319,323,325,328,331,333,336,354,357,374,382,406,413,418,424,440,443,450,460,488,489,491,496
5,8,24,28,69,72,87,122,148,166,172,200,204,209,220,225,227,242,247,264,268,274,302,305,307,313,322,327,328,376,464,492
10,52,72,77,97,113,137,145,146,150,156,158,163,175,181,182,200,210,225,232,235,241,242,245,255,256,268,274,288,292,294,299,309,318,325,328,335,336,338,340,344,352,362,365,368,378,379,380,383,391,399,406,410,415,419,430,431,434,437,453,454,458,464,467,475,476,479,485,490,494,498,499
52,81,91,97,98,104,109,140,141,168,172,189,193,239,240,248,254,259,295,301,306,307,317,318,324,327,329,331,335,340,343,344,346,348,352,356,368,369,378,379,387,407,408,412,414,425,428,444,447,451,459,462,464,472,475,476,485,486,487,492,494,496
12,13,37,41,46,69,74,78,102,115,122,126,210,211,224,249,251,255,257,275,284,295,306,308,314,320,323,324,325,337,360,378,383,392,397,401,406,433,437,451,492,498
33,93,102,113,119,123,145,152,155,168,171,181,183,185,187,201,243,259,283,285,292,308,316,328,346,351,375,430,431,487,489,496
24,26,39,43,45,54,56,60,66,102,103,113,125,129,172,198,210,221,222,227,232,234,245,258,274,279,288,299,315,317,319,343,350,351,352,365,366,376,381,384,386,391,397,418,430,431,435,446,452,454,461,467,472,478,479,483
5,34,35,45,82,93,109,140,154,155,166,190,191,214,225,232,243,247,251,259,277,279,291,294,324,327,332,335,336,351,360,364,370,383,388,407,415,419,427,428,429,431,454,459,461,474
26,47,64,65,111,137,178,184,188,223,224,233,254,269,271,280,288,291,296,302,304,313,317,319,325,327,328,342,343,344,348,350,353,364,394,401,405,406,408,417,421,429,441,454,461,497
11,29,47,71,80,97,102,108,153,159,166,171,172,191,209,218,220,226,254,259,262,273,284,294,296,302,305,310,312,318,331,342,349,356,447,448,476,478
23,32,35,47,74,84,108,112,123,125,177,178,179,181,185,205,210,211,221,246,251,262,266,270,291,305,318,325,329,344,347,348,354,356,360,361,371,373,374,377,382,383,386,392,394,396,398,399,405,407,411,416,422,424,426,432,448,450,458,460,462,464,466,467,471,477,479,482,483,489,492,494,495,499
60,79,97,106,108,122,138,154,177,194,198,210,223,224,225,230,237,243,246,257,275,279,280,291,294,297,305,307,332,340,343,361,373,376,378,380,393,396,400,402,405,409,412,416,417,428,429,430,432,435,437,438,446,447,448,454,460,464,468,474,476,477,479,481,482,483,488,489,492,493,494,496,498,499
21,23,24,42,53,59,60,68,87,95,122,137,147,148,154,155,209,212,220,224,225,232,233,236,239,245,249,254,259,271,273,278,279,280,297,308,309,324,327,337,344,351,352,353,365,381,391,398,405,427,433,451,473,474,479,480,484,490
45,80,147,151,155,191,200,207,218,219,224,230,237,253,254,258,259,291,295,296,310,319,327,332,337,338,343,354,368,372,389,394,396,398,402,406,411,413,414,415,417,420,422,427,436,443,445,450,451,452,458,465,466,470,473,475,477,480,486,498
28,30,52,136,154,195,221,223,227,232,235,248,262,274,283,289,291,305,311,313,331,336,337,342,343,371,379,414,444,448,462,464
4,35,52,60,104,111,152,162,181,215,216,218,234,236,243,258,268,270,280,284,288,291,294,306,310,316,318,327,329,335,343,353,357,368,369,381,385,387,388,389,391,396,398,399,400,401,408,415,421,422,430,432,434,437,438,442,444,445,447,448,449,450,456,469,474,476,478,482,483,485,486,497
12,14,26,33,55,74,77,79,112,113,115,122,123,130,146,158,159,185,198,206,217,221,225,249,251,265,274,296,308,318,319,320,321,328,344,352,358,368,377,378,380,382,383,386,388,389,390,392,393,395,397,400,404,405,414,416,418,420,426,432,434,435,439,446,447,450,452,454,455,457,459,463,464,465,466,469,470,475,477,478,481,485,487,489,490,492,493,497
26,48,54,79,109,113,151,155,184,186,188,195,201,202,220,241,247,256,269,271,273,279,280,284,295,302,305,322,325,329,330,331,335,342,344,346,349,352,363,383,386,390,394,395,397,398,402,403,405,406,409,411,416,417,418,419,420,423,429,432,435,437,438,439,441,443,444,448,456,459,464,466,472,474,476,479,481,483,484,485,488,498
4,21,25,32,47,69,72,77,105,141,147,157,160,172,175,192,195,200,207,223,235,244,255,294,297,315,324,328,332,338,343,352,359,364,369,407,412,413,414,422,442,444,446,449,451,452,465,468,471,475,481,487
5,30,59,61,74,87,89,110,118,127,135,144,152,166,167,200,202,235,248,251,257,281,295,296,302,305,306,310,315,317,336,337,343,344,352,368,374,381,394,414,415,429,449,477,489,491
12,46,48,54,59,104,125,144,150,180,196,209,259,269,273,280,283,297,311,322,327,333,335,342,343,352,353,357,360,361,362,369,374,379,385,386,387,388,389,392,393,394,395,396,398,399,401,403,406,407,410,411,416,418,419,420,424,427,430,431,434,435,436,438,444,447,451,452,453,456,460,463,469,476,477,478,479,483,491,493,495,498
98,110,142,177,178,184,186,187,194,204,214,229,245,259,273,282,287,289,294,306,324,332,337,342,344,346,360,361,372,378,380,390,391,394,395,397,402,405,409,411,414,415,417,422,424,430,431,433,442,446,449,450,451,455,456,457,460,468,469,471,472,474,476,477,478,482,484,498
8,103,118,130,149,163,168,189,198,200,218,222,223,224,243,284,286,297,313,314,322,328,332,335,337,343,346,349,353,354,360,369,374,379,381,382,383,386,388,389,390,391,395,398,399,400,401,403,404,407,411,421,423,427,428,430,431,432,438,439,441,444,448,449,451,454,456,457,460,462,481,483,488,489,491,493
24,79,94,148,180,195,206,210,227,230,245,256,257,259,274,283,291,297,309,318,328,340,346,350,351,352,357,364,370,373,377,380,382,389,397,399,406,420,425,427,429,432,439,446,462,469,479,486
5,9,20,40,60,71,113,117,118,122,133,136,144,147,153,160,186,202,203,212,217,220,221,230,239,241,245,248,258,271,295,297,313,315,318,325,328,329,330,331,342,351,358,368,374,380,381,400,406,426,427,441,456,458,472,474,478,491
26,30,39,74,102,109,118,130,139,146,164,181,201,205,209,226,232,233,237,240,248,259,271,285,294,295,301,302,305,321,325,327,328,329,335,336,346,351,352,354,360,362,365,368,374,375,380,384,386,389,390,394,396,398,399,400,402,405,406,408,409,412,414,416,418,421,423,424,427,429,430,444,447,449,451,452,455,460,461,462,465,466,468,472,473,474,476,484,486,487,488,493,494,496
5,20,41,86,108,128,135,139,163,168,202,212,217,221,224,232,249,254,255,258,275,277,302,305,307,310,327,332,336,350,351,352,357,364,383,386,397,400,401,404,406,412,417,421,424,427,428,431,433,437,439,440,446,448,453,454,458,459,463,464,465,469,470,471,472,474,476,480,485,488,491,492,497,499
3,12,14,39,55,79,83,88,115,125,141,147,152,163,181,183,185,201,205,210,212,214,227,234,239,254,259,280,281,297,298,307,308,314,317,322,324,328,337,338,373,378,387,388,390,391,393,394,396,404,405,407,412,415,417,421,423,426,430,436,438,439,440,444,447,450,454,460,461,470,475,476,478,480,486,487,491,493,495,498
0,9,31,51,52,89,102,110,129,142,152,166,168,194,214,220,224,233,243,257,260,285,315,323,329,337,345,352,364,368,374,375,378,380,383,384,387,388,389,395,396,397,398,402,405,406,408,409,417,418,421,423,424,426,429,430,431,432,433,436,437,439,443,444,445,449,451,453,456,458,460,462,466,469,471,472,474,476,477,479,480,488,492,497
71,78,91,113,122,133,139,141,158,165,166,205,222,224,251,271,285,291,313,318,325,328,335,340,357,361,373,378,385,386,389,390,392,395,396,399,401,402,406,409,411,413,415,418,425,429,432,433,434,439,441,443,447,448,452,456,459,462,464,466,468,472,473,474,477,478,480,484,485,486,491,496,497,498
8,39,63,129,133,156,160,167,180,208,216,240,249,255,267,295,296,301,305,308,309,325,327,329,333,336,339,341,342,344,351,365,373,374,378,380,385,386,390,391,396,404,405,425,430,434,439,444,445,446,450,464,476,484,486,496
0,5,9,30,34,46,81,104,108,111,145,150,155,161,177,180,202,211,223,240,254,256,274,288,294,308,312,313,314,317,319,328,329,337,340,351,352,354,371,373,374,378,380,381,383,386,387,390,405,411,414,419,422,424,445,447,452,455,456,461,468,483,484,488,496,497
12,29,53,61,78,86,87,126,152,156,198,204,225,242,243,246,254,285,287,296,301,313,327,328,335,337,340,343,345,346,351,374,375,379,380,383,385,387,388,389,391,392,393,397,398,399,401,405,407,409,411,412,414,417,418,420,421,422,424,428,429,430,431,432,433,435,437,441,442,445,446,452,454,457,459,464,467,468,473,474,476,477,479,480,487,492,494,499
0,8,19,27,31,51,84,102,111,152,159,163,166,167,168,185,194,196,198,199,213,225,256,279,291,294,296,301,305,310,329,338,344,352,356,357,360,364,370,373,379,380,385,388,390,392,394,397,403,408,410,412,424,427,430,432,436,438,444,448,449,452,457,463,464,469,474,476,477,486,487,489,491,494,498,499
28,89,106,121,133,148,150,155,172,201,204,209,225,230,258,267,268,269,275,277,280,288,294,297,299,305,307,314,319,333,336,340,344,349,351,354,362,368,374,378,387,390,391,393,395,400,402,405,408,411,414,420,422,427,430,431,432,433,435,442,445,458,469,472,473,475,476,478,481,483,492,494,496,497
6,37,102,119,129,148,155,156,157,195,220,243,248,254,261,269,279,280,282,286,288,291,294,306,307,308,310,312,314,317,318,323,327,330,351,353,369,374,378,385,390,392,394,401,402,406,407,408,415,417,422,424,426,428,432,433,435,438,442,444,445,447,448,449,455,460,462,463,464,467,468,470,472,474,477,479,480,481,482,483,489,491,495,497
37,56,73,82,118,146,166,170,213,217,224,245,258,260,272,274,295,310,311,325,328,344,350,351,352,353,366,368,371,375,377,378,379,383,385,391,393,396,398,399,401,405,406,414,417,418,424,427,428,431,433,436,446,451,452,453,459,469,470,471,472,482,486,488,490,492,493,499
31,33,34,64,72,82,123,133,153,163,171,178,187,202,206,209,217,220,222,240,248,257,273,277,283,291,294,297,301,302,327,330,335,341,343,349,352,357,374,375,378,379,380,386,387,392,398,399,403,404,407,409,411,412,413,414,415,416,417,420,425,427,430,433,436,439,441,442,443,444,449,455,458,459,460,462,467,468,470,479,483,485,486,490,495,498
18,27,47,56,61,69,109,148,200,225,227,242,249,253,271,273,294,301,305,309,312,313,316,327,328,330,332,340,341,355,356,368,369,371,373,378,383,385,386,387,388,394,398,399,401,404,414,415,418,420,421,426,427,428,432,433,435,437,443,444,447,451,452,453,454,456,457,460,465,467,473,474,479,482,483,484,485,487,489,490,491,497,498,499
26,35,57,59,69,89,92,109,153,158,168,201,216,217,220,221,227,239,242,259,262,280,291,295,297,307,314,317,319,328,329,332,335,342,346,348,350,353,362,364,374,375,379,381,384,386,390,391,401,403,405,406,408,409,412,414,415,416,419,420,422,423,424,426,428,434,435,441,442,443,445,448,450,451,454,455,456,457,458,459,465,466,467,468,470,471,473,475,478,479,482,492,493,494,496,497
5,21,30,54,103,106,129,141,171,185,200,209,230,235,250,255,260,271,278,288,295,297,305,308,330,333,334,337,342,343,368,370,371,373,375,378,380,383,386,390,394,395,396,399,402,403,406,408,412,421,437,441,444,447,462,470,477,478,480,483,491,496
7,36,56,84,136,195,206,210,217,220,235,243,248,256,257,277,291,301,320,327,335,344,349,351,352,360,368,373,378,380,381,383,387,390,394,395,396,398,401,406,407,408,412,419,420,422,426,431,432,433,434,435,439,445,449,453,457,459,460,461,462,464,467,469,472,473,474,476,482,484,491,494
56,57,71,108,109,140,150,184,189,190,196,203,213,220,221,242,280,294,308,314,316,317,322,327,330,333,340,349,351,369,373,374,380,382,383,384,392,401,403,407,410,411,414,417,419,420,423,424,428,429,431,432,437,438,439,441,442,450,451,452,455,456,458,459,461,462,463,467,468,470,471,477,480,481,484,485,486,487,488,491,492,493,494,495,498,499
7,34,36,79,85,111,126,129,161,163,166,167,172,178,220,221,222,236,239,240,245,246,258,259,260,288,308,310,317,329,330,332,335,336,343,350,352,362,366,373,378,380,384,387,390,393,394,396,397,399,400,402,403,404,406,409,411,412,414,415,417,418,419,421,424,429,430,432,436,440,441,442,443,449,453,455,456,457,458,462,467,469,470,474,475,476,480,481,482,484,485,490,491,492,493,497
35,45,65,127,147,153,160,170,172,181,185,200,211,214,222,224,226,236,237,238,242,262,284,288,300,330,335,336,344,351,369,371,375,379,383,386,387,392,393,398,401,403,404,407,409,410,416,420,421,424,427,432,438,450,453,454,458,468,471,481,483,488,491,493,496,498
8,13,23,31,61,78,80,104,144,172,177,194,200,201,216,225,227,236,244,251,254,259,269,279,286,291,310,315,327,342,343,351,352,357,375,378,380,391,395,397,398,400,401,402,406,409,410,411,412,414,415,418,419,424,425,427,429,430,433,434,435,436,438,440,441,442,446,448,450,451,452,456,462,464,465,466,468,469,470,472,477,481,483,493
0,8,19,60,63,104,110,148,152,178,181,190,210,215,224,242,246,257,267,273,274,282,288,292,295,323,325,329,335,336,340,344,351,353,374,380,384,385,388,395,396,401,402,406,407,408,412,414,415,417,419,421,422,428,429,431,432,434,437,438,440,442,444,448,449,450,452,454,463,468,471,474,477,478,479,483,484,485,487,489,491,492,494,495
52,78,94,106,145,171,185,188,198,208,230,243,249,254,256,266,284,289,297,304,306,310,313,331,337,353,366,368,369,370,374,375,379,383,385,386,388,389,390,392,394,397,423,431,438,477
2,12,16,23,47,51,61,119,120,125,138,150,159,163,177,180,184,209,223,230,240,242,280,282,284,295,297,302,315,317,322,324,331,333,337,342,352,358,360,362,366,371,375,378,381,382,383,384,386,387,393,394,397,398,399,401,403,404,409,410,412,415,417,418,419,420,421,424,425,430,434,440,441,442,447,452,453,454,455,458,467,478,480,483,487,491,492,493,494,499
24,56,62,71,78,80,94,95,105,109,135,146,161,166,172,210,212,230,238,247,248,251,257,260,271,282,291,294,306,307,313,315,317,332,338,341,343,349,351,353,361,365,368,376,378,380,385,390,393,395,399,400,402,404,409,411,413,414,416,417,419,421,422,423,425,426,428,431,434,435,437,440,444,445,446,447,448,449,453,454,455,456,463,465,466,469,472,476,478,479,480,483,484,486,493,495,496,497,498,499
7,104,141,143,155,168,170,172,173,177,185,188,206,223,224,237,240,246,255,271,287,290,291,301,305,306,307,314,318,351,353,355,357,361,366,373,383,386,391,392,393,397,398,399,404,429,433,444,460,476,483,496
51,68,73,84,118,147,159,178,223,226,231,248,249,255,291,292,297,302,307,310,321,323,327,336,349,352,353,369,375,379,383,386,387,390,395,397,401,402,403,406,407,413,415,419,421,439,443,456,466,468,474,481,482,493
47,51,53,72,102,105,136,162,163,172,207,208,221,248,254,258,285,302,317,323,331,340,342,348,350,351,354,360,378,391,400,402,403,406,417,421,423,430,433,439,441,443,444,445,446,447,449,451,454,463,464,469,483,484,489,491,492,493
2,13,82,141,145,149,153,155,159,205,224,236,238,246,257,268,273,280,282,287,289,290,307,308,309,310,313,327,329,335,342,344,350,356,368,371,375,378,379,380,387,389,390,392,395,400,401,403,407,417,419,423,425,427,428,431,432,434,437,440,441,442,444,448,453,455,456,457,459,465,467,470,471,473,475,476,481,484,486,488,492,493,497,499
28,36,44,54,69,163,206,210,212,242,243,251,258,297,308,309,312,315,324,325,328,330,332,349,353,355,361,369,376,383,384,385,390,391,395,397,398,399,401,403,404,406,413,414,417,419,421,423,427,428,429,430,431,433,435,438,440,443,445,447,450,451,452,455,459,461,464,467,469,470,472,476,477,479,481,482,486,487,490,492,493,495,496,497,498,499
2,26,28,57,79,110,139,163,181,185,236,243,249,255,257,262,271,274,279,294,295,303,308,318,319,323,327,329,336,339,343,358,371,376,387,395,407,409,412,414,418,419,421,424,427,429,433,434,436,439,441,446,450,453,459,462,466,468,471,475,477,479,480,483,485,486,487,490,491,492,493,494,495,497,498,499
0,51,54,69,71,106,119,135,159,166,191,209,230,240,297,309,310,330,336,341,343,349,353,361,371,372,374,376,377,379,383,389,390,392,394,395,396,397,400,401,403,404,407,412,413,416,417,419,420,423,428,431,432,433,436,438,439,447,449,450,453,459,461,464,465,466,470,471,475,476,477,480,483,486,488,492,493,494,497,498
4,21,31,34,40,77,88,125,142,146,151,152,160,172,191,200,222,223,225,243,254,256,257,258,259,275,308,316,322,329,342,345,349,350,357,360,365,371,373,377,379,385,387,393,395,396,397,401,403,404,406,409,425,461,463,479
21,24,39,40,68,74,85,110,155,157,159,174,180,183,190,223,254,256,265,321,324,327,329,331,333,335,368,369,374,375,378,383,395,397,402,407,414,420,421,424,426,428,432,434,439,440,441,442,446,447,449,451,452,455,457,458,459,463,469,471,482,483,484,488
26,35,57,63,84,85,121,130,135,139,144,149,162,165,171,200,206,212,221,226,235,262,287,294,302,311,318,319,330,332,351,352,366,369,371,375,379,384,385,386,390,393,394,395,400,401,404,406,407,410,411,412,414,435,439,440,443,449,454,455,461,462,467,473,482,487
26,34,71,79,120,125,135,153,162,171,190,210,225,236,243,246,251,260,265,273,279,292,296,299,309,311,325,328,331,333,346,358,364,374,375,378,383,386,387,390,394,396,401,403,406,413,423,425,427,430,458,460,466,468,472,475,479,497
14,35,65,66,87,101,123,166,182,191,195,209,211,212,230,233,274,282,284,288,291,296,302,305,306,317,318,324,331,333,338,342,343,348,360,365,375,378,389,397,399,400,401,403,404,406,407,409,411,412,413,414,425,429,433,437,438,448,449,455,458,461,463,465,466,468,471,473,476,479,483,484,489,496,497,498
3,21,30,61,74,81,82,106,123,139,140,152,159,167,185,190,195,223,226,236,274,296,318,322,327,335,336,342,346,349,352,371,374,375,378,381,390,392,395,396,397,399,400,402,406,414,416,428,462,468,477,479
3,8,73,116,119,137,146,178,180,181,194,201,206,216,232,245,256,267,274,279,301,302,303,318,336,342,343,353,354,366,373,380,383,384,385,386,390,396,398,401,402,404,406,407,409,410,412,413,416,426,427,428,431,433,436,437,438,439,442,445,451,452,454,456,469,471,473,476,480,481,483,485,488,491,492,494
53,86,97,98,119,135,140,153,156,166,177,179,181,183,193,238,239,248,251,256,257,267,268,273,292,307,314,318,325,335,354,368,371,373,376,379,389,390,392,393,397,399,404,407,425,426,427,428,429,430,431,432,433,434,436,437,440,442,443,451,452,455,456,460,461,462,463,466,470,471,472,473,475,476,477,478,482,483,486,487,488,489,491,494,496,497
21,48,55,61,77,79,87,103,113,137,148,155,168,181,191,204,210,214,225,232,271,273,280,288,295,296,325,340,343,344,348,357,375,380,383,385,386,397,400,405,407,410,411,412,414,418,430,445,447,485
13,38,40,47,90,106,110,119,133,136,155,184,186,201,206,224,225,227,243,274,282,283,284,310,322,325,327,331,340,341,350,352,355,358,368,378,379,383,384,386,389,390,391,393,394,397,400,401,402,403,406,413,416,427,430,431,436,437,439,440,442,443,444,445,446,447,451,453,455,456,458,459,460,461,462,463,465,466,467,468,469,472,474,476,477,480,481,482,483,484,485,488,489,490,492,493,494,495,498,499
38,83,95,118,122,123,141,150,157,171,172,205,209,218,220,224,226,232,235,240,255,256,267,296,302,307,318,330,336,342,361,381,387,388,395,403,406,407,411,415,418,419,422,431,433,436,438,442,443,447,448,451,454,455,461,466,467,468,470,474,479,481,487,492,493,495
28,29,68,85,92,113,115,136,147,150,165,190,237,240,243,259,260,265,267,280,298,308,315,317,338,340,344,350,354,368,374,382,385,386,393,396,397,399,407,416,421,422,430,434,437,439,445,454,465,477,478,483,484,488
26,31,32,52,78,83,111,113,118,129,160,163,190,204,230,243,256,262,265,268,297,298,301,304,306,310,313,318,341,365,370,371,378,380,381,382,383,384,391,392,394,395,396,402,403,411,412,413,418,421,422,424,428,429,431,432,434,436,437,438,439,440,442,443,449,450,451,453,464,467,471,472,476,478,481,486,487,491,494,499
43,98,108,152,153,155,180,184,194,202,203,212,220,237,255,286,296,297,301,308,309,315,316,317,325,328,338,340,341,353,361,365,369,380,384,390,393,394,396,397,400,404,407,411,412,414,416,420,421,422,427,434,450,461,465,470,473,479,493,498
21,75,88,93,106,123,131,151,177,188,220,224,254,258,267,269,273,275,280,286,287,296,299,312,315,319,329,336,339,348,353,357,365,366,369,375,377,381,383,386,387,390,400,401,403,404,408,412,413,419,422,427,434,438,455,469,478,480,496,499
46,74,80,87,98,153,162,185,191,196,204,212,226,243,260,280,294,299,302,313,318,319,320,321,325,329,343,349,351,360,363,364,369,373,378,379,380,383,385,386,388,390,391,392,395,401,403,406,410,412,418,422,423,424,426,476,487,488
28,35,47,49,52,56,61,87,92,139,171,196,203,206,212,219,220,243,269,283,288,296,299,308,329,331,338,352,360,363,364,365,378,379,380,384,386,390,392,394,399,400,404,405,407,411,412,414,421,422,424,425,427,432,433,435,436,437,439,440,441,442,446,447,449,450,451,452,453,457,458,461,462,463,464,465,466,467,468,469,471,474,475,477,479,480,481,482,483,484,485,486,487,488,489,490,491,493,494,495,497,498
2,30,110,112,122,123,162,165,185,186,197,201,225,240,254,259,271,291,295,296,324,331,345,346,349,368,369,373,374,375,380,381,386,387,390,391,392,393,396,399,400,401,402,404,411,414,416,422,427,431,433,436,439,440,444,445,447,453,454,456,458,459,460,463,464,465,466,467,471,473,474,476,477,478,479,480,483,486,488,490,495,498
5,38,71,87,136,149,153,170,171,177,178,181,187,205,223,237,239,243,246,267,296,306,313,318,322,340,342,343,346,349,353,354,362,370,379,384,386,387,390,392,393,394,395,396,399,403,408,410,412,413,414,419,421,422,425,431,432,438,443,450,462,464,466,486
3,5,10,15,26,92,145,154,172,184,190,194,205,221,233,236,240,242,258,268,274,277,278,280,294,307,310,315,318,328,332,338,351,360,373,374,378,387,388,397,399,403,404,406,407,411,413,416,422,426,427,428,429,437,445,451,452,459,460,466,467,468,469,477,478,480,481,490,493,494
4,13,14,20,46,88,93,123,129,133,161,165,174,177,186,188,200,209,224,225,227,230,236,248,249,280,291,297,324,328,331,332,350,364,369,374,375,378,390,392,393,396,397,399,403,407,412,417,431,445,449,450,454,457,459,461,462,463,467,469,471,480,481,483,491,498
11,22,29,52,64,72,106,144,166,168,190,227,242,245,258,260,269,274,299,306,315,327,330,332,337,340,343,344,371,378,385,386,391,394,395,401,403,413,414,421,422,424,425,427,431,432,452,453,455,462,464,465,478,484,489,493
21,49,59,79,81,108,151,216,230,241,243,250,254,258,264,288,297,304,306,307,318,321,324,327,336,337,351,353,357,360,362,369,373,375,384,386,390,396,398,400,404,407,411,419,421,422,424,426,427,431,434,445,448,452,455,456,459,460,467,473,478,481,485,486,493,495
17,52,80,89,104,108,117,129,144,162,196,210,220,236,243,254,255,258,264,269,271,279,285,291,296,299,305,315,318,322,327,331,336,343,352,356,369,373,375,378,380,385,391,393,400,402,403,404,405,412,414,419,421,425,427,429,433,439,440,441,442,444,445,446,447,451,452,459,460,461,462,463,464,465,469,473,474,475,476,477,481,482,483,484,486,487,488,489,491,492,494,496,498,499
48,70,77,92,98,117,159,181,182,185,186,206,243,245,246,250,268,291,302,312,314,324,335,354,357,374,375,380,381,384,385,386,387,388,395,399,400,409,410,413,414,416,417,421,424,426,427,431,432,438,442,443,444,445,447,448,449,450,451,453,454,455,457,460,461,465,466,467,468,469,470,472,474,475,476,477,478,480,481,482,483,484,485,490,493,495,496,497,498,499
0,24,28,29,33,56,77,79,93,117,118,136,164,177,178,181,182,187,189,194,201,221,222,238,240,249,254,265,296,298,307,310,328,332,335,341,343,352,358,384,385,401,403,404,406,407,411,412,416,417,422,424,427,431,432,438,442,443,444,445,447,449,450,451,452,456,458,463,464,469,470,471,474,475,477,479,481,482,490,494,498,499
10,39,46,59,61,87,121,177,185,201,206,217,221,223,235,238,242,253,254,256,273,276,319,322,329,342,343,345,348,352,354,366,375,380,382,387,390,395,397,398,400,401,403,406,410,411,413,416,431,438,446,447,452,463,465,468,474,475,477,479,482,491,493,494,495,498
5,11,17,21,31,56,78,85,126,129,147,152,178,201,204,205,221,269,278,279,280,288,299,301,305,313,320,324,325,329,341,342,344,351,352,373,376,379,390,392,393,395,397,400,401,403,404,406,411,416,421,422,424,425,427,431,438,439,440,443,445,448,450,451,452,453,454,456,459,460,461,462,464,465,466,467,468,471,472,473,474,476,477,478,479,482,484,486,487,488,491,492,495,496,497,498
14,31,32,35,52,72,80,81,82,144,166,168,230,236,239,251,268,274,277,309,315,318,331,338,344,350,352,354,358,371,375,386,387,395,396,397,401,409,410,412,417,422,424,425,427,433,439,440,442,454,458,483
27,31,51,72,108,114,130,133,137,153,178,192,202,239,240,243,248,279,291,294,314,315,325,340,344,348,353,357,361,372,373,375,376,378,380,383,385,386,388,391,393,395,396,398,404,407,408,410,411,424,432,438,439,440,445,450,452,453,454,455,456,458,461,462,464,465,466,467,468,469,472,473,474,475,476,477,479,480,481,482,483,484,487,488,490,492,494,495,496,497
4,6,7,50,51,56,71,88,104,106,117,158,159,162,184,185,193,200,203,210,212,227,242,243,251,255,260,262,308,309,313,321,327,333,335,340,352,356,371,373,386,388,389,390,392,393,397,399,407,410,412,421,423,424,426,432,434,435,437,438,439,440,442,444,446,448,451,453,454,458,460,464,468,470,471,472,473,475,479,484,490,499
24,28,49,50,52,59,92,102,108,113,120,141,146,147,167,184,185,193,209,246,251,296,311,319,323,334,336,340,347,351,354,364,369,374,376,379,381,384,388,390,394,403,407,410,413,416,424,431,438,441,445,447,448,449,450,451,452,453,454,456,457,458,459,460,461,462,463,464,465,469,470,471,473,474,475,477,479,480,481,482,484,485,486,487,488,489,492,493,494,495,497,499
0,3,8,18,34,54,81,109,110,111,141,154,184,185,201,221,227,236,237,259,288,295,298,301,302,303,307,308,310,321,327,333,341,361,367,369,373,374,378,383,385,387,389,393,396,398,406,407,410,412,414,416,423,424,425,431,432,438,439,440,441,446,448,449,452,453,454,455,456,457,458,459,460,461,462,463,465,466,468,469,471,472,473,479,483,485,487,492,493,494,497,498
39,47,69,92,129,139,150,155,168,194,195,202,220,230,237,254,255,262,273,277,279,285,296,297,305,306,318,320,321,324,325,331,335,336,337,343,353,367,368,369,372,373,375,380,384,387,391,393,397,403,404,407,411,419,425,437,439,442,445,446,447,449,451,453,455,457,458,459,460,462,463,464,465,468,469,470,471,473,474,475,476,478,479,480,481,482,483,486,487,488,489,491,493,494,495,496,497,498
28,29,32,33,66,92,102,112,115,129,135,155,165,184,186,200,210,214,221,222,223,232,240,250,262,264,271,280,299,306,310,319,329,330,332,338,342,344,351,354,373,376,377,379,380,383,386,391,393,395,399,401,404,407,410,414,416,417,419,427,431,435,439,440,446,447,448,450,451,452,455,458,459,463,465,467,468,469,470,471,472,473,474,475,478,481,484,485,486,487,488,489,492,493,494,495,496,497,498,499
9,21,36,72,79,82,91,107,145,153,165,178,184,209,221,235,240,248,251,254,302,313,334,335,343,351,358,368,371,373,374,379,385,388,397,400,402,403,404,412,413,414,427,428,431,433,435,439,440,442,444,446,449,453,473,479,483,484
5,47,58,71,87,88,96,121,126,145,183,187,193,218,222,223,228,254,255,257,260,267,284,296,298,301,302,309,315,316,328,335,336,340,344,351,361,362,370,371,376,378,379,380,383,386,394,396,397,400,403,410,412,416,421,422,424,425,427,431,434,438,439,440,442,445,446,448,449,456,459,465,470,473,483,484
5,12,22,49,61,79,89,92,136,145,155,220,256,269,275,298,302,313,331,352,364,371,374,376,378,383,387,389,390,391,394,396,400,403,404,406,412,416,421,422,431,434,436,437,438,440,441,442,444,446,447,449,460,471,473,486
12,17,24,56,70,106,155,165,166,167,172,202,221,229,248,251,252,264,280,294,307,308,316,319,324,325,332,337,338,345,347,351,354,360,378,384,386,394,396,399,401,402,406,407,411,413,414,424,427,431,432,436,439,442,444,445,446,447,448,450,456,457,458,460,461,462,463,465,466,467,468,470,471,472,473,475,476,477,479,481,482,483,486,490,492,494,496,498
24,34,35,39,46,54,57,58,92,113,129,135,137,147,154,168,171,206,223,224,240,251,256,262,290,295,297,302,305,328,331,352,357,360,364,365,366,369,374,380,384,385,390,396,397,402,404,406,407,410,417,421,425,426,432,435,439,442,443,444,445,446,447,456,458,460,464,465,467,468,469,470,471,472,476,477,478,480,481,484,485,487,488,490,491,494,496,497
0,6,23,29,32,47,56,77,80,129,163,165,179,224,230,259,284,288,294,302,305,309,314,324,327,335,343,352,353,374,379,383,389,393,395,397,400,401,406,407,411,412,416,417,419,422,424,425,429,436,437,439,444,447,448,449,484,498
41,48,49,60,68,78,87,88,105,112,130,137,139,155,163,179,184,197,220,222,239,240,258,260,265,267,268,269,270,275,292,296,305,306,313,317,325,329,337,348,351,353,373,375,378,379,380,382,386,387,389,396,397,400,401,403,407,409,411,421,422,424,432,437,440,442,444,446,447,451,453,454,458,459,460,465,466,471,473,479,482,485,487,488,492,494
22,48,52,57,69,112,140,144,163,177,180,186,196,201,210,215,245,261,271,280,305,310,317,328,334,340,346,351,354,374,379,380,390,391,396,397,399,401,411,416,431,435,439,446,447,448,453,458,460,461,462,463,464,465,468,469,470,472,473,474,475,476,477,478,479,480,481,482,483,484,487,488,489,490,491,492,494,496
14,24,52,61,69,79,81,109,118,129,139,156,164,165,191,203,210,232,291,297,302,315,324,329,330,342,348,349,351,352,360,368,371,382,384,386,392,395,397,400,401,402,406,416,418,419,424,431,432,440,443,444,445,446,447,448,449,453,454,456,457,461,463,465,466,468,469,474,477,478,481,486,491,492,494,495
8,50,59,87,91,97,105,111,141,176,193,198,217,220,223,248,280,284,291,294,298,302,310,319,328,340,343,344,352,353,357,361,365,374,375,384,387,390,394,395,397,399,400,411,412,413,414,416,424,432,434,435,437,438,442,446,447,448,449,451,456,460,464,465,466,468,470,471,472,473,475,476,480,481,482,483,484,485,486,487,488,489,491,493,494,495,496,498
6,9,28,48,87,88,98,106,111,136,154,155,163,166,181,210,215,219,225,233,258,259,273,289,294,301,307,308,309,328,329,330,349,350,358,368,369,378,379,380,383,385,386,393,395,396,399,408,418,422,424,432,434,437,438,439,442,445,446,447,448,452,453,454,456,457,459,463,465,467,469,474,476,478,479,480,481,483,484,488,489,490,491,497,498,499
5,18,24,35,36,47,61,82,102,115,133,146,155,158,162,185,201,206,215,238,245,250,253,283,287,291,296,297,304,315,322,336,344,345,352,353,364,365,366,383,385,389,399,400,412,414,415,417,419,422,424,425,428,431,435,438,439,442,444,446,447,453,457,458,464,465,478,488
13,20,26,30,35,71,72,87,96,110,144,147,154,169,171,192,194,200,206,239,251,254,262,288,296,297,309,310,312,325,328,332,336,341,343,349,351,354,357,361,368,372,380,381,383,386,387,393,395,398,399,400,401,403,413,417,420,422,424,431,433,435,436,438,442,444,446,447,448,453,457,464,467,468,470,472,473,474,475,476,477,478,479,482,483,484,487,488,489,490,491,492,493,494,495,496,497,499
14,30,32,42,56,59,113,118,139,141,144,152,155,161,162,178,216,226,243,248,258,271,273,280,284,288,290,291,297,301,302,305,310,317,319,325,329,336,340,341,343,348,352,354,357,374,378,384,391,393,400,404,407,410,415,416,419,422,424,431,432,435,438,440,441,446,447,448,449,453,457,458,460,487
7,8,36,55,59,87,112,116,125,151,224,227,237,269,289,290,291,292,298,324,325,327,329,332,333,337,338,342,351,359,360,361,368,369,372,374,375,384,387,388,390,391,393,399,403,410,412,414,427,431,432,433,436,438,440,442,444,445,446,448,454,457,459,461,462,468,473,474,479,482,483,490,491,494,495,497
31,35,41,57,88,118,148,171,176,189,195,206,225,243,251,256,267,271,305,324,330,354,357,371,374,376,383,384,396,397,403,407,411,414,419,424,426,428,431,432,436,438,439,441,442,444,446,447,448,449,451,453,454,456,457,458,459,460,461,466,467,468,469,470,471,472,473,474,475,476,477,478,479,480,481,482,483,484,485,486,487,488,489,490,492,493,494,495,496,497,498,499
0,5,6,8,35,36,40,47,61,65,70,82,89,106,136,159,202,206,214,233,242,243,255,257,262,278,280,289,291,295,297,307,308,310,311,317,329,330,344,351,368,371,374,375,383,386,387,397,403,407,409,413,414,418,419,422,424,425,431,432,433,434,439,442,444,447,453,456,458,459,465,469,470,471,474,475,476,477,479,480,497,498
3,25,51,77,115,116,118,129,154,164,166,167,184,201,205,218,223,226,230,237,241,243,255,265,269,274,297,306,313,315,319,324,326,328,331,332,335,336,337,338,345,360,364,368,390,393,395,396,397,399,400,401,406,411,412,417,424,425,427,431,432,434,435,437,439,442,444,449,453,454,460,462,465,468,470,471,472,473,474,476,477,479,480,481,482,483,484,485,486,488,489,490,491,493,494,495,496,497,498,499
19,71,106,112,115,120,150,171,184,220,225,227,240,259,284,314,317,321,330,331,340,349,369,376,379,383,387,389,390,393,395,397,400,402,403,404,409,413,418,419,420,424,425,431,434,439,441,442,444,445,447,448,449,453,454,457,458,459,462,464,465,467,470,471,474,480,487,490,491,498
1,3,26,34,42,52,68,88,103,111,113,133,140,141,166,223,259,297,315,318,319,323,325,332,337,342,346,348,355,373,374,378,379,381,384,386,391,392,394,399,401,403,407,410,412,416,421,424,429,431,434,435,438,439,440,444,446,447,448,449,454,457,458,460,465,466,470,471,476,477,479,481,483,488,489,490,492,493,494,497,498,499
6,13,25,31,39,48,68,69,87,101,117,152,155,163,167,172,184,201,209,217,218,225,245,248,256,259,260,262,269,277,284,294,302,314,315,317,319,324,327,331,335,336,337,339,340,349,352,353,354,371,374,384,385,393,394,395,397,398,400,401,403,411,412,414,422,425,428,439,440,445,446,448,449,451,453,454,457,459,462,465,466,467,468,469,481,484,486,493
0,2,21,42,97,102,105,108,113,123,167,168,180,183,184,189,191,201,223,224,230,232,236,246,255,262,273,274,282,284,291,297,315,316,317,324,325,329,333,336,348,350,352,357,368,376,379,384,386,394,397,400,402,404,411,413,414,416,419,421,422,427,431,432,435,440,442,445,446,447,448,449,452,453,454,456,459,465,466,467,468,469,473,476,477,483,488,489,490,491,494,495,498,499
7,30,68,88,121,122,123,152,172,187,189,202,236,240,257,259,264,265,271,274,284,288,291,305,308,318,325,327,330,336,340,342,344,354,357,361,364,375,379,382,383,384,386,387,392,393,394,399,403,407,412,418,422,424,427,439,442,444,445,447,449,453,454,457,459,462,465,467,475,482,483,487
2,8,24,28,64,72,78,89,112,122,123,130,162,165,181,185,198,209,222,226,236,248,257,260,262,273,279,292,297,304,325,327,330,340,341,346,351,370,371,383,387,390,392,396,397,399,411,417,419,421,422,428,432,437,438,442,444,445,446,447,448,449,450,451,452,453,456,457,459,462,464,465,467,471,474,475,476,477,478,479,480,481,482,483,484,485,486,487,488,489,490,491,492,493,494,495,496,497,498,499
10,15,47,61,65,70,74,98,102,115,159,162,213,244,248,257,262,294,315,317,320,328,330,331,333,338,351,353,365,369,370,373,375,379,382,383,384,386,387,390,391,393,396,399,401,404,409,424,425,431,432,438,439,440,441,442,444,446,448,449,457,458,460,462,464,465,466,467,468,473,475,476,477,478,480,481,482,483,484,486,487,488,489,492,494,495,496,499
28,36,56,72,81,92,93,95,130,141,159,192,205,226,254,257,262,291,307,309,319,332,338,341,352,360,361,371,374,376,385,392,397,401,411,413,414,418,422,431,438,439,440,441,444,445,446,448,449,453,457,459,462,465,466,472,473,474,476,477,478,479,480,481,482,488,489,491,493,494,495,497,498,499
31,69,80,87,105,126,148,177,180,183,214,243,258,262,273,274,283,291,292,297,301,309,319,330,335,344,348,360,361,367,369,373,375,378,379,383,384,385,386,388,390,391,392,399,401,407,408,411,412,414,419,421,422,424,427,430,432,438,439,442,444,448,453,454,457,459,460,462,465,466,467,469,471,473,474,475,477,481,482,485,486,491,492,493,495,498
11,104,115,142,202,203,226,271,275,284,302,310,314,322,328,329,335,338,340,344,346,351,353,368,369,371,374,377,378,379,386,387,390,391,393,398,400,403,404,405,412,413,414,420,422,424,426,431,432,434,438,439,440,441,442,444,446,453,454,457,458,462,465,466,467,469,471,473,474,475,476,478,479,482,483,484,488,490,491,492,493,495,496,497,498,499
6,26,60,65,71,74,106,116,130,135,144,145,150,151,152,161,165,181,183,196,207,222,225,227,238,240,254,255,257,288,291,296,301,308,310,317,344,348,364,367,373,374,378,379,382,385,387,392,397,398,404,406,407,422,426,427,429,432,434,436,437,439,442,448,449,454,457,458,460,461,462,465,473,474,475,477,479,480,481,482,483,484,485,486,489,491,492,493,494,495,496,497,498,499
24,36,78,113,123,135,180,184,189,206,220,227,230,260,262,268,271,286,297,302,304,306,314,325,329,331,335,336,338,341,343,348,351,353,360,364,368,369,370,375,378,381,386,390,393,395,396,397,404,407,412,413,415,418,419,420,425,428,431,432,440,441,442,444,445,446,447,448,450,453,456,457,460,462,464,465,466,467,469,473,475,477,478,482,483,484,489,490,491,493,494,499
47,52,55,59,77,87,90,111,130,144,152,153,159,165,166,185,210,212,219,225,233,237,256,259,267,295,302,308,310,322,324,327,329,330,334,337,342,351,353,370,371,384,385,386,387,390,393,398,400,401,406,407,413,414,421,424,429,431,432,434,435,439,444,446,448,454,457,459,460,465,466,467,468,473,474,475,478,485
12,28,29,71,97,117,125,144,152,162,169,201,207,214,219,221,227,235,237,239,243,246,255,294,302,310,317,328,332,333,335,336,337,343,357,369,374,375,376,380,392,393,400,401,402,403,409,411,412,421,424,425,427,431,434,435,437,438,439,440,444,446,448,449,453,454,457,458,459,460,465,467,469,470,473,474,475,476,478,486,493,498
0,21,64,82,111,141,162,206,210,227,230,236,237,251,258,264,268,277,279,306,307,311,313,315,322,324,325,332,335,349,352,354,368,369,373,379,393,394,396,397,399,401,409,412,416,417,422,424,431,438,439,440,441,442,444,446,448,453,456,457,459,462,464,465,467,472,473,474,475,476,477,478,479,483,484,486,487,489,493,494,495,498
8,21,23,39,54,58,81,104,130,147,168,183,184,201,219,222,233,244,259,273,284,288,294,297,299,301,308,314,319,331,337,340,342,351,364,368,369,373,375,378,380,389,392,393,395,396,398,402,403,404,406,407,408,410,413,414,416,419,421,422,424,426,431,432,435,438,439,443,444,447,448,450,451,453,457,459,460,462,464,465,467,469,471,472,473,474,477,478,479,482,484,485,486,487,488,489,490,491,492,493,494,495,496,497,498,499
7,26,27,51,53,60,80,81,96,102,104,107,136,171,184,196,221,268,275,279,307,311,315,316,321,331,338,342,343,351,352,370,375,379,383,387,388,389,396,399,400,401,404,407,410,411,416,419,424,426,431,436,438,439,442,444,445,446,449,450,451,454,455,457,459,460,462,465,467,470,473,474,477,478,479,482,483,488,491,497
39,42,72,77,92,112,115,123,148,166,194,217,225,230,236,259,277,284,294,308,314,319,320,328,331,332,343,360,361,373,374,375,384,387,395,396,400,401,404,413,421,423,424,431,437,439,446,447,449,454,456,459,465,467,473,476,478,480,483,486,491,493,494,496,497,498
0,21,28,55,79,100,112,129,156,177,187,222,223,226,232,239,242,268,278,285,302,305,308,310,325,328,336,349,351,354,361,371,373,381,383,385,387,388,391,394,395,400,407,411,412,413,414,422,427,431,432,433,437,438,442,446,448,449,452,453,458,459,465,467,470,473,474,476,478,481,482,483,485,492
51,77,101,102,112,120,144,148,153,168,175,190,193,202,210,221,249,279,301,302,307,309,317,318,322,324,326,329,332,350,361,363,374,376,383,385,390,391,396,400,404,406,412,413,417,422,425,427,430,431,438,442,444,446,447,448,449,454,456,457,459,462,463,465,468,472,473,474,482,483,488,489,490,491,492,493,494,495,496,497,498,499
21,26,28,47,72,84,88,113,118,136,151,152,156,184,202,216,235,236,256,259,294,302,320,322,327,328,330,332,335,338,340,342,358,369,375,380,383,384,386,389,394,400,402,411,414,416,421,422,424,426,430,431,432,438,442,444,446,448,449,454,456,457,459,460,461,462,465,467,469,471,473,474,475,477,483,484,487,489,491,493,494,495,496,497,498,499
48,78,95,129,143,148,152,158,181,184,196,205,222,237,256,259,260,273,279,302,307,310,313,317,330,332,335,340,352,358,363,368,369,374,377,380,391,393,396,404,410,419,422,424,431,436,438,446,448,449,457,459,460,462,465,467,469,471,473,474,475,478,479,482,483,487,488,491,497,498
21,27,111,112,129,130,143,159,162,168,177,183,201,209,210,216,224,225,237,238,250,268,273,319,324,325,330,334,340,343,344,347,360,370,374,394,395,396,401,412,413,424,431,432,434,439,440,444,445,453,454,457,460,462,464,465,467,468,469,471,473,477,479,483,487,492,494,497,498,499
34,86,105,106,122,129,166,172,179,184,222,233,237,239,242,251,256,278,279,284,289,292,299,302,303,314,318,327,331,336,338,342,344,349,351,357,358,377,378,380,382,384,385,387,391,393,396,398,399,400,401,402,404,406,410,413,421,422,427,431,435,438,441,442,448,454,457,458,459,460,462,464,467,468,471,473,475,476,477,478,479,483,484,485,487,488,489,492,497,498
48,68,69,74,88,93,175,179,182,201,209,223,233,239,240,246,297,305,317,318,329,333,337,351,352,359,361,362,368,369,374,384,386,390,392,394,397,400,401,404,406,410,411,412,413,414,421,424,425,438,442,444,446,447,449,453,456,457,458,462,465,469,473,474,476,477,478,483,486,487,490,491,493,494,495,497,498,499
21,31,46,57,71,82,93,121,123,144,152,159,177,180,192,196,205,207,216,223,232,233,245,249,259,260,262,271,274,279,296,302,318,321,325,335,336,338,341,353,369,374,378,380,383,385,394,397,400,401,402,403,406,407,409,410,411,412,413,414,424,425,428,431,434,436,437,439,441,446,447,448,449,459,462,465,467,469,470,473,475,476,477,478,479,481,482,483,485,487,488,492,494,495,496,497,498,499
19,28,31,84,104,106,129,144,152,165,171,186,201,202,205,239,243,258,280,288,295,308,319,327,335,342,360,361,368,369,383,390,391,392,397,399,400,404,406,413,414,421,422,424,427,431,434,438,440,441,444,446,447,448,449,453,454,456,457,458,459,462,464,465,467,469,471,473,474,475,478,479,482,483,485,487,488,490,492,493,498,499
0,13,34,50,74,85,115,123,151,152,163,166,181,183,184,191,202,215,226,227,238,254,255,282,302,322,324,327,337,342,343,344,356,368,378,385,393,395,400,404,407,412,413,424,425,431,432,437,439,441,442,444,446,448,449,458,459,462,464,465,467,471,473,474,475,476,477,478,482,483,487,488,492,493,496,497,498,499
20,135,168,177,200,206,215,220,224,236,238,242,248,267,271,301,302,309,312,316,319,321,324,331,336,341,342,343,349,354,358,361,363,369,383,387,388,389,392,397,398,402,407,408,412,419,422,429,438,439,442,444,448,449,453,454,457,459,462,465,467,473,474,477,478,483,485,487,488,493,495,499
6,12,17,22,29,35,46,60,71,72,78,86,92,120,122,126,139,141,146,147,150,151,153,183,189,190,211,221,237,242,256,258,265,273,274,285,291,310,316,317,332,336,344,347,352,353,354,366,373,374,384,386,387,389,392,393,396,397,401,407,411,412,413,414,418,419,422,431,439,442,444,446,447,448,449,454,460,462,464,465,466,467,469,473,475,477,478,483,484,485,487,488,489,490,491,492,493,495,498,499
8,20,24,56,59,77,81,91,95,104,107,139,155,156,179,185,202,206,214,215,220,237,255,262,271,294,314,316,318,324,325,327,329,343,344,349,350,360,362,369,371,375,378,379,385,387,391,395,396,400,402,407,412,413,414,419,424,428,431,432,435,438,439,440,441,442,447,448,449,453,455,459,460,465,466,467,468,469,471,473,475,476,477,478,481,482,483,485,487,488,489,490,491,492,493,494,495,497
0,23,27,33,54,57,77,95,106,120,139,141,150,152,156,178,183,184,195,206,220,226,227,234,240,245,246,268,278,279,288,296,299,314,319,320,325,328,329,330,333,336,340,342,343,360,368,369,384,390,391,394,396,400,406,407,411,412,413,424,427,429,438,439,440,445,446,449,460,462,465,467,469,471,473,474,475,477,478,479,483,487,488,490,492,493,494,495,496,497
