18,19,39,45,49,64,110,114,136,198,233,234,241,249,274,350,372,377,395,405,414,428,431,435,455,461,463,482
2,7,10,12,46,51,87,93,95,100,125,131,158,159,160,194,200,233,237,247,248,266,278,283,308,312,315,324,330,341,343,356,389,394,397,420,449,456,470,474,479,485
1,35,117,229,233,269,281,321,415,489
21,159,181,227,234,308,323,326,330,393,403,499
26,37,44,109,131,134,135,149,183,188,240,248,276,283,305,318,326,329,350,351,379,409,413,430,433,462,471,475,490,495
10,31,33,35,40,57,63,64,75,87,94,95,101,110,116,165,174,233,242,243,250,281,299,312,313,314,326,350,362,363,386,405,411,420,427,447,452,456,457,463,464,469,480,488
20,30,40,58,62,88,102,103,110,111,112,183,186,187,198,205,220,222,230,234,235,247,271,288,303,318,335,344,353,366,370,371,385,394,395,398,400,402,426,429,441,445,486,493
1,15,23,24,27,78,89,107,109,115,122,154,155,183,190,203,205,227,233,238,249,256,270,316,354,358,363,370,372,374,376,378,381,387,392,405,409,410,419,457,470,477,480,489,491,494
17,19,47,71,76,113,114,152,161,189,191,224,251,289,290,372,413,425
11,28,112,131,142,148,156,249,256,277,301,322,335,367,396,426,479,487
1,5,14,43,76,106,144,148,202,244,247,256,286,360,372,384,411,416,420,444,451,497
9,25,28,36,49,56,78,83,93,94,120,131,140,141,158,179,190,192,193,194,220,225,242,258,295,300,301,309,317,322,326,346,351,377,380,407,415,436,465,474,479,481
1,52,62,76,77,89,110,124,126,127,130,144,146,150,152,166,168,191,218,262,263,283,284,320,325,336,357,375,405,407,420,426,446,464
47,93,146,226,255,287,291,360,451,481
10,33,37,49,59,96,101,118,121,128,133,142,164,169,175,194,202,227,231,234,253,282,303,308,325,332,340,371,385,420,429,437,438,443,451,456,473,479,496,498
7,28,38,71,77,161,168,195,196,213,224,239,271,277,281,290,299,327,336,344,351,419,424,473,479,490
52,81,126,311,349,385
8,30,36,43,73,90,94,102,116,124,148,151,156,210,215,252,257,293,298,303,311,315,326,328,331,338,340,348,361,362,397,400,409,428,433,438,439,453,465,474,482,483,487,488,490,492
0,19,25,49,56,63,77,121,145,169,172,192,201,226,290,291,302,326,329,387,402,406,422,461
0,8,18,25,27,30,36,43,49,67,82,83,96,101,139,144,146,169,188,209,219,237,250,262,280,314,318,327,329,350,354,367,368,370,381,386,394,406,414,415,427,432,433,446,463,464,471,477,483,490
6,26,134,153,155,253,290,352
3,52,56,84,93,100,107,118,131,152,172,185,186,196,197,204,216,255,263,267,290,314,333,353,362,397,442,455,458,459,474,477,489,494
36,78,114,118,131,166,204,344,355,357,434,487
7,63,156,227,232,277,287,368,438,451,467,479
7,52,93,123,181,222
11,18,19,88
4,20,68,74,79,81,98,122,125,132,135,156,170,171,176,183,199,205,212,223,269,272,274,288,303,313,317,318,320,322,323,324,325,334,340,361,398,401,408,411,415,438,440,465,466,467,475,479,487,499
7,19,38,79,83,91,94,109,131,141,157,163,183,193,196,201,206,208,225,232,238,265,277,288,308,322,324,328,349,350,352,360,367,371,372,376,383,397,399,408,421,423,444,456,457,460,463,466,484,486,489,497
9,11,15,189,214,262,319,348,411,422,456,471
74,108,213,243,272,360
6,17,19,37,39,45,53,79,85,95,108,127,132,133,145,155,157,162,168,172,175,183,191,196,205,234,235,244,249,253,265,275,283,308,332,363,376,385,399,412,431,438,452,453,462,479,484,486
5,61,68,75,84,110,124,127,136,137,139,167,176,186,194,207,209,211,232,260,262,287,296,319,338,341,361,376,389,397,399,404,411,428,435,455,461,464,465,467,476,486
37,57,103,105,108,114,119,144,146,151,172,187,207,210,224,241,246,256,269,296,301,317,333,335,351,374,414,426
5,14,59,76,114,149,186,263,288,331,345,352,439,449
49,55,56,57,78,81,83,88,96,110,128,134,137,167,197,212,214,240,255,263,273,278,297,308,313,314,323,331,332,410,419,424,427,428,434,446,475,476,484,488
2,5,40,52,54,76,91,123,134,147,148,152,164,168,173,186,191,195,253,269,272,289,293,307,313,331,333,335,362,367,372,378,380,382,397,406,412,413,414,433,442,463,470,477
11,17,19,22,42,45,46,48,70,92,100,118,128,132,218,224,251,269,271,318,374,394,398,408,421,438,441,453,484,492
4,14,30,32,64,68,80,151,178,207,210,239,258,301,331,386,454,492
15,27,45,64,65,83,90,93,101,106,109,134,137,148,163,190,202,212,221,247,253,261,262,264,271,274,281,293,300,304,317,335,337,340,349,364,374,410,419,424,428,437,445,447,459,461,470,485,488,494
0,30,50,83,87,114,197,214,218,228,234,243,249,272,281,311,322,344,364,403,404,413,429,439,440,444,456,459
5,6,35,44,46,72,99,196,206,221,223,249,279,284,308,315,362,414,425,450,472,473,490,494
77,364
36,50,53,63,114,115,123,127,132,145,169,173,187,191,194,241,282,284,301,316,318,375,384,459,487,488
10,17,19,46,62,64,75,91,95,99,130,132,134,161,175,186,207,209,219,224,294,303,307,308,314,328,336,339,358,378,395,398,410,413,423,468,487,497
4,40,90,95,135,139,148,158,204,211,217,229,233,260,267,335,404,417,446,451,490,498
0,30,36,38,72,76,81,82,98,107,119,138,143,148,161,171,174,196,208,217,227,235,242,269,292,299,309,321,327,336,355,358,371,376,413,469,473,483
1,36,40,43,94,98,162,192,235,328,339,438
8,13,60,69,80,89,112,140,145,177,184,238,252,268,269,284,294,313,329,330,368,385,430,436,441,443,459,492
36,53,55,62,75,82,84,109,114,123,131,134,175,180,182,195,204,220,228,245,260,262,263,275,277,278,282,294,296,297,330,331,332,335,338,339,362,369,372,399,400,407,413,421,423,435,441,454,486,494
0,11,14,18,19,34,59,61,85,133,140,169,206,229,239,248,255,281,292,357,416,440,460,467
39,42,107,166,169,189,200,215,217,223,239,242,258,277,280,292,319,322,341,357,361,373,410,440,441,449,466,475
1,65,84,86,102,103,113,128,135,165,181,196,204,230,232,257,259,299,324,346,360,388,404,417,442,481
12,16,21,24,35,65,89,107,146,161,166,173,184,196,228,262,278,279,294,305,352,406,420,477
30,42,48,64,66,70,76,80,91,114,116,123,131,156,165,171,215,221,229,240,242,249,256,257,258,262,268,279,287,290,291,300,310,317,324,345,367,375,379,380,382,393,414,420,440,457,470,498
35,59,63,66,70,73,76,84,90,108,147,162,165,173,193,215,218,225,228,233,235,243,245,268,289,294,301,314,317,339,361,370,374,401,402,409,420,456,458,460,476,477,491,497
34,48,58,73,76,107,117,164,192,228,233,237,262,281,287,332,335,344,375,387,397,405,416,429,442,449,468,488,489,493
11,18,21,34,87,89,94,142,178,186,255,274,278,301,310,318,328,348,356,374,389,403,419,423,436,442,452,484,488,489
5,32,34,59,77,83,114,116,123,127,129,147,148,170,171,185,206,232,271,280,286,292,301,304,327,334,341,345,357,362,366,407,416,450,466,492
6,55,66,81,86,91,98,103,105,145,146,147,150,159,201,209,217,234,238,244,246,248,255,256,274,299,300,317,323,335,336,350,363,372,403,450,464,473
14,33,49,54,57,92,119,132,142,149,174,182,195,200,203,207,219,235,237,240,245,246,262,271,272,351,352,354,369,373,378,398,400,425,466,483
47,64,201,236,240,247,260,281,304,323,328,411,454,480
31,49,122,143,191,199,223,228,240,242,243,253,267,282,284,301,306,311,315,320,331,346,348,390,405,415,419,425,432,438,442,445,483,485,492,496
6,12,43,48,82,142,152,153,174,195,204,208,215,229,268,311,320,330,333,342,343,347,349,356,359,360,385,433,442,455,461,468
5,18,23,42,54,66,72,76,77,94,97,100,147,166,168,223,247,248,261,274,282,288,293,296,302,320,361,374,377,381,402,437,465,487
0,5,37,38,43,53,60,73,88,123,186,191,245,279,304,316,342,404,405,412,427,428,456,479
38,51,52,67,68,85,97,98,99,113,123,142,149,150,152,157,160,166,168,184,192,198,221,225,231,245,249,252,261,262,265,273,298,300,305,329,349,350,354,355,358,367,377,381,400,424,440,441,447,472
53,54,58,63,92,118,189,364
19,65,90,93,98,114,116,122,128,129,131,133,151,156,168,214,233,273,278,284,285,288,294,304,309,322,324,331,359,364,369,370,380,386,388,401,404,408,422,424,443,464,470,479,482,483,491,493
26,31,37,65,79,105,108,112,143,157,165,186,205,226,233,272,336,360,379,391,403,421
47,128,148,161,166,173,194,226,241,262,272,279,291,322,395,444,473,498
36,53,54,90,133,137,138,162,204,252,437,439,442,443
8,15,82,103,145,164,168,195,202,224,225,274,287,324,359,391,411,441,457,481
40,45,63,260,294,299,318,335
17,54,55,64,122,128,160,179,191,203,225,233,237,286,295,311,361,365,390,401,431,466,484,499
26,29,93,96,114,118,159,164,179,187,216,218,234,236,238,255,273,281,311,325,334,368,371,378,422,427,433,435,443,451,452,469
5,31,43,48,80,82,83,88,128,158,192,195,230,245,248,256,293,305,314,315,319,322,339,365,375,377,386,392,401,404,409,414,451,457,460,470
8,10,12,33,35,45,53,54,55,63,84,93,163,171,198,225,250,256,258,362,369,419,421,425,458,459
12,15,18,41,57,63,84,91,128,174,194,260,264,270,328,352,367,368,391,406,420,437,439,445,449,479,484,499
7,11,22,34,85,135,166,181,235,245,266,286,332,336,341,363,376,427,435,439,456,476
26,27,30,68,87,94,98,127,174,181,192,193,241,245,254,257,273,275,325,331,363,367,444,494
37,47,53,75,178,218,296,318,446,479
16,26,34,45,58,93,100,116,123,124,146,167,171,173,180,199,203,214,223,244,266,295,326,337,384,424,442,450,457,470,477,496
19,45,48,62,71,75,121,132,138,150,176,198,201,214,217,221,246,266,268,283,285,300,302,412,433,438,458,480
11,19,27,34,38,39,57,75,94,103,132,133,137,138,147,168,176,201,206,219,230,232,239,245,254,264,268,279,281,287,293,299,301,309,311,320,327,336,341,344,345,360,379,381,384,391,395,404,406,408,445,450,466,478,480,490,493,495
21,31,48,51,54,76,77,91,101,102,114,116,124,139,148,159,173,201,210,213,217,236,239,267,280,300,301,313,336,353,356,363,377,390,410,420,429,454
30,49,65,78,94,108,114,148,152,156,162,165,178,182,217,223,245,254,259,263,276,280,281,318,319,332,338,361,378,391,405,408,436,444,456,461,464,466,471,497
51,58,87,115,117,137,139,294,295,298,346,373,453,473
1,5,39,56,79,86,94,117,140,141,148,149,150,152,162,172,176,189,208,234,238,259,270,277,299,320,338,355,364,370,412,436
6,25,34,64,75,93,99,100,113,126,129,139,145,149,169,173,176,192,193,219,222,249,250,282,283,285,288,294,300,310,341,352,363,377,381,390,396,399,431,446,447,455,458,465,474,478,480,488,494,495
7,12,47,52,56,92,100,101,116,147,151,167,172,186,203,210,213,232,241,263,269,280,282,297,344,379,388,394,395,410,417,447,463,473,491,497
17,38,44,54,67,70,119,120,135,137,142,157,181,214,218,229,230,231,241,247,253,254,268,270,278,292,298,318,324,333,341,347,349,378,383,385,389,405,406,409,411,415,435,452,463,470,476,489,491,496
27,35,43,53,58,77,84,100,113,124,152,159,161,183,209,241,263,272,311,312,393,409,444,462
36,59,66,89,96,103,132,136,156,162,164,176,183,188,215,229,236,246,247,251,256,269,271,279,280,332,337,368,380,399,400,418,427,429,439,451,453,487,492,496
1,11,13,21,24,38,67,74,76,81,88,106,111,113,120,123,125,201,211,216,219,224,233,238,249,254,256,257,259,267,273,280,291,295,304,316,328,331,347,359,360,377,384,387,391,397,405,415,416,420,421,444,448,451,452,460,476,479,483,485
5,11,17,27,46,56,63,79,83,85,87,97,112,117,120,147,148,164,166,168,194,222,226,247,295,305,309,317,361,401,410,457,461,466
1,5,30,43,44,155,211,250,265,288,412,425
14,19,34,74,92,129,131,150,154,158,160,192,210,224,247,249,250,259,261,273,276,284,285,296,301,341,342,345,352,359,373,375,400,419,420,421,423,426,434,455,461,483
63,65,94,111,118,198,201,207,216,298,315,427,455,459,478,491
26,45,46,58,65,67,79,103,114,126,128,142,146,169,182,183,186,190,211,214,226,230,254,260,275,284,286,295,308,309,333,350,359,360,362,365,376,393,397,409,439,443,471,477,482,494
40,43,65,88,109,118,120,193,198,213,216,223,235,242,255,259,267,272,275,306,323,324,332,387,396,418,434,443,465,467,471,480
1,21,36,63,81,88,89,91,121,164,182,193,198,208,210,218,221,230,235,241,259,283,298,305,321,346,355,363,374,376,391,393,404,411,412,417,435,438,441,464,468,478,479,485
5,14,19,38,84,89,115,117,140,173,211,280,346,393,479,492
6,17,51,84,160,221,228,231,240,251,263,280,282,300,319,334,345,382,454,458,461,488
6,32,51,58,71,83,92,98,117,118,121,138,142,169,172,201,206,209,225,242,247,282,290,294,298,300,303,305,308,363,368,392,401,407,412,424,436,442,448,452,465,468,474,480,483,485,490,493
433,477
32,58,68,107,118,129,130,136,147,151,159,168,174,181,199,200,207,214,221,226,228,233,239,246,256,263,282,292,293,305,306,311,320,327,337,343,348,349,350,361,368,369,378,387,400,417,424,425,433,453,470,477
10,38,93,112,113,140,141,142,163,189,228,241,263,281,289,298,300,314,319,321,328,346,375,407,414,420,424,447,495,496
7,21,45,50,52,55,105,113,123,150,258,264,272,278,304,398,412,468,473,475
29,30,32,54,68,85,142,156,189,194,211,212,220,221,222,227,256,262,281,293,306,318,319,325,326,329,342,357,361,370,373,402,429,433,451,480,487,493
4,7,27,38,48,99,113,132,188,218,242,272,287,299,352,363,400,404,427,466,467,492
0,5,6,12,31,34,117,125,141,148,157,173,180,187,194,195,202,205,215,230,237,247,248,258,267,293,299,313,326,329,333,349,352,358,372,373,376,394,405,416,419,436,449,451,454,465,467,476,480,481,482,495
6,93,97,117,121,123,129,145,148,158,163,167,177,206,212,215,229,237,253,257,279,285,288,324,325,336,352,363,367,397,416,423,449,450,454,457,464,481,482,497
6,9,47,68,94,106,118,122,124,136,137,138,152,157,178,183,215,261,285,287,300,314,317,335,358,378,398,410,420,429,434,435,459,463,478,488
8,51,65,88,91,93,106,107,109,117,125,146,165,166,177,182,183,191,192,194,195,197,198,205,208,213,218,221,260,266,307,308,315,316,322,323,345,353,376,413,419,455,456,466,478,479,486,491
0,8,22,32,33,39,42,48,53,57,67,74,84,85,98,123,133,134,135,140,153,164,177,178,182,184,190,198,205,207,213,225,229,236,241,245,249,265,304,325,335,348,354,372,383,392,398,416,420,427,433,443,451,490,496,499
7,42,86,101,127,135,138,145,170,185,186,189,194,208,214,225,231,243,254,264,266,267,272,280,285,370,376,389,434,460,462,467,478,482
5,17,53,57,67,81,84,89,118,119,124,133,148,151,178,187,194,214,237,259,264,268,271,277,284,295,299,304,318,319,324,332,352,360,371,375,381,383,386,389,414,421,437,462,464,471
2,55,86,87,94,101,103,110,111,113,127,144,150,163,192,195,203,204,218,220,221,222,243,256,282,290,322,327,349,366,368,371,385,400,430,433,435,448,453,459,460,465,466,470,471,474,484,488
14,21,22,36,66,74,97,99,103,105,112,116,123,153,161,234,248,268,292,300,341,350,408,494
32,45,59,90,116,123,139,141,147,150,195,198,200,212,220,224,232,245,254,258,290,298,339,342,356,359,410,449,452,458,465,484
11,90,93,94,99,142
14,18,82,100,103,111,140,172,182,248,251,261,284,290,351,371,444,466,470,482,496,499
7,26,61,67,73,112,123,180,191,196,213,214,223,229,233,252,257,275,281,288,293,296,318,324,325,326,327,336,345,354,355,361,382,387,390,396,397,431,461,464,472,480,481,486
24,35,42,48,53,57,64,65,81,93,107,111,114,118,119,122,125,126,128,134,145,152,156,157,167,172,177,179,182,199,210,216,225,257,260,262,264,282,284,285,308,318,326,331,343,345,347,351,369,380,382,384,387,401,428,429,437,447,450,465,471,480,490,493
12,17,31,81,84,91,112,116,155,263
1,26,93,110,113,123,126,133,145,156,158,159,165,185,191,212,213,232,248,255,258,261,291,298,313,317,321,358,383,387,408,410,430,470,472,480,482,484,486,487,488,489
12,16,88,98,123,125,258,374,392,449,456,496
12,30,31,42,57,79,115,117,229,232,257,261,395,399,467,477
14,34,36,51,67,69,73,75,77,98,123,152,169,182,192,196,240,247,256,287,290,342,348,356,393,444,450,463,464,477
57,67,88,96,105,111,208,224,239,261,290,355,356,372,404,405
12,43,105,260
1,4,9,11,21,22,27,48,53,67,96,146,199,207,211,222,223,227,231,234,251,277,286,307,348,354,360,362,364,395,401,486
26,30,36,42,43,59,82,83,92,109,137,148,156,176,188,190,198,224,226,235,238,248,254,265,270,284,300,327,344,368,392,415,430,435,445,453,462,477
14,30,49,67,70,83,114,116,125,186,283,364
4,20,34,35,38,43,48,114,123,144,145,150,157,169,176,177,196,208,225,232,239,256,269,270,275,280,312,313,333,334,347,348,352,379,381,383,389,413,414,435,443,456,467,479,483,496
4,26,44,51,78,90,114,115,143,159,160,171,175,183,204,209,210,212,217,222,229,237,244,250,267,275,292,302,316,323,325,334,341,343,345,346,348,360,373,376,389,392,395,403,416,418,431,438,439,461,463,472,477,478,490,495
0,31,92,105,112,170,237,248,276,281,302,308,336,361,377,379,398,399,424,428
31,34,38,70,83,86,90,112,132,141,150,155,156,175,177,188,190,216,218,223,238,239,242,248,254,261,267,268,272,298,302,312,329,332,337,342,345,354,363,367,371,372,374,396,400,401,411,412,422,425,436,438,443,474,477,497
45,70,82,83,103,112,115,165,172,176,177,187,190,197,214,254,255,257,260,278,281,284,299,306,310,312,329,332,352,353,361,372,378,386,391,400,403,405,429,440,459,475,480,482,498,499
19,31,44,84,86,88,119,144,147,150,174,193,229,234,243,257,271,286,306,307,323,341,399,410,440,452,465,471,473,486
11,47,49,87,101,106,114,121,144,148,170,172,184,188,190,192,199,201,219,221,236,257,258,296,304,306,313,323,324,327,336,339,342,343,345,367,384,385,390,391,394,401,417,447,449,450,451,471,472,475,479,481,482,485,491,493
11,27,87,106,110,119,137,209,237,319,355,385,393,415,453,470
9,14,56,59,62,65,90,98,103,106,108,120,151,157,160,168,173,176,189,205,216,220,221,230,231,253,254,312,371,391,392,444,460,476
45,61,68,135,199,282
10,12,19,32,117,134,139,140,248,256,260,313,467,494
18,30,42,47,58,71,88,111,115,123,125,134,148,171,179,180,182,199,218,227,240,244,261,270,295,311,322,330,349,359,362,363,372,382,387,397,415,418,420,432,453,458,465,481,482,485,491,496
12,13,19,32,52,58,81,98,113,131,175,213,219,284,295,340,402,455
35,54,57,58,63,83,89,94,105,119,139,155,156,160,164,170,176,201,237,238,241,245,256,264,282,352,355,396,423,436,442,455,486,489
9,10,17,35,38,44,45,57,69,84,85,87,94,110,111,116,132,140,145,157,164,177,207,258,263,272,273,276,294,308,309,327,328,345,350,404,429,483
4,33,59,65,87,88,150,151,160,166,171,179,181,186,200,209,212,216,228,260,280,294,300,304,311,325,335,341,345,346,363,367,371,402,420,424,442,451,452,465,471,475,486,489,490,498
12,58,65,82,87,96,107,117,119,134,137,139,149,158,160,168,172,175,178,188,198,202,216,227,246,247,253,255,266,271,282,287,307,321,327,331,334,335,337,372,374,384,386,388,404,427,428,429,432,435,436,449,451,452,456,459,469,479,482,485,490,494
17,32,37,67,89,105,116,142,149,156,183,192,201,202,210,236,242,252,264,265,270,294,298,316,318,339,353,371,385,386,392,405,426,430,438,444,446,452,453,455,478,481,484,487
8,12,21,35,62,65,85,87,91,112,123,128,217,221,308,358,365,441
20,62,114,118,158,166,169,183,184,199,204,216,219,220,248,256,257,265,275,289,291,323,332,356,365,371,383,401,424,445,479,491
7,96,172,175,181,229,248,262,264,291,329,330,340,352,357,358,366,379,383,395,408,411,447,498
7,20,30,95,124,137,147,167,169,178,180,215,226,234,241,259,262,263,264,273,276,281,300,307,317,319,326,327,356,358,361,388,399,405,408,409,426,428,457,472,475,495
9,17,23,26,53,67,85,92,108,123,125,132,137,147,151,417
27,30,65,68,90,110,112,123,134,142,148,162,334,403,404,432
1,11,44,75,96,111,125,150,153,160,166,178,187,195,197,200,216,217,225,230,235,249,270,291,299,306,309,318,337,361,370,375,383,384,385,406,410,412,426,434,449,455
1,3,58,74,84,91,105,125,135,170,231,238,249,285,293,309,315,323,331,340,343,368,390,391,394,402,407,408,421,438,456,462,469,471,484,494
1,65,73,96,102,135,142,147,149,150,158,161,162,168,173,178,187,189,202,220,221,227,230,233,250,269,278,285,290,291,295,296,302,309,312,313,321,339,351,352,358,359,362,367,377,378,382,395,398,401,417,423,430,445,447,461,465,471,486,493
8,15,43,45,52,69,91,118,160,172,185,187,205,209,223,238,265,284,312,332,345,355,364,401,409,417,418,442,443,448,460,465,472,475,487,493
30,46,54,70,85,87,92,157,160,170,172,173,179,201,204,207,225,241,246,266,271,284,291,300,312,313,322,327,328,338,346,349,354,359,373,383,394,398,399,402,405,406,411,420,433,451,460,463,471,489,490,493
27,38,76,106,111,117,164,172,180,201,202,211,215,231,241,247,256,259,261,270,284,301,312,318,338,344,347,356,366,369,370,375,378,379,381,392,395,407,426,430,453,468,469,488,492,498
14,35,55,71,74,92,94,100,114,147,148,163,177,339,383,499
5,51,53,54,68,85,113,125,138,182,215,223,235,251,256,258,261,267,269,276,278,280,287,295,296,310,319,340,345,356,357,375,385,400,404,407,422,429,436,442,448,452,453,462,464,471,481,489,494,497
12,22,50,52,63,65,69,78,94,113,149,153,158,171,192,199,206,210,212,213,214,216,240,249,251,266,283,287,303,315,317,332,335,359,364,365,390,392,397,409,423,424,430,431,441,444,446,448,452,453,466,478,483,485
31,34,81,89,111,123,155,170,176,182,191,228,266,277,287,298,299,345,362,408,421,423,431,453,455,486
12,15,30,35,63,65,67,71,83,94,105,142,150,160,169,182,185,195,202,204,221,233,239,259,268,270,284,287,295,298,322,327,329,340,344,350,352,361,381,397,403,413,443,449,457,467,468,471,473,494,495,498
14,18,19,42,49,50,88,98,103,128,134,153,155,168,178,205,207,215,225,231,234,265,280,299,316,324,351,353,354,360,370,380,420,423,431,469,479,498
26,57,115,136,140,147,159,162,167,211,317,340,391,415,435,456
26,45,53,57,76,81,135,145,149,166,210,481
18,21,30,32,87,89,103,121,123,138,140,150,154,161,162,163,175,191,194,210,216,220,221,226,231,236,249,271,279,306,319,320,339,340,347,357,362,385,394,400,401,402,404,411,412,414,436,446,449,459,464,479,481,486
35,42,52,54,69,81,84,88,101,110,142,160,162,201,210,211,288,297,316,333,342,349,350,378,394,403,405,411,418,431,447,463,465,468
5,45,59,62,77,79,105,139,179,181,185,197,204,205,213,223,237,244,253,258,275,294,298,299,310,312,326,337,348,354,372,373,379,385,401,404,413,429,437,441,446,451,458,466,493,496
14,30,43,48,135,137,146,150,154,172,179,181,183,208,280,294,319,320,325,343,345,381,399,406,425,439,463,495
26,31,82,83,87,88,92,132,134,138,142,147,167,182,184,225,268,341,355,384,388,397,419,420,423,453,467,498
47,111,113,114,123,134,137,138,148,164,180,206,211,222,224,233,244,245,247,251,255,256,257,260,294,299,300,302,315,322,326,333,335,344,347,350,353,359,361,362,363,374,383,391,394,403,432,434,438,444,445,449,455,466,473,476,479,484,485,496
37,56,80,85,112,114,116,150,155,158,160,169,247,258,281,338
11,73,74,123,145,149,162,174,175,303,450,478
48,81,110,122,145,155,163,177,182,183,193,204,207,219,221,227,228,235,245,246,250,258,259,260,262,313,316,318,333,351,357,370,382,383,384,407,420,423,428,429,432,434,455,460,473,482
3,24,51,78,79,90,105,149,154,174,175,203,222,228,229,232,240,267,285,311,312,331,339,341,348,359,376,392,398,404,424,425,429,437,456,460,465,499
48,59,85,98,100,113,114,121,123,128,145,165,167,168,176,180,190,202,205,206,211,214,217,221,222,231,235,246,250,281,283,285,300,301,304,305,312,328,332,335,338,343,346,355,356,364,365,372,375,389,404,405,419,420,428,430,446,454,457,459,460,470,476,498
4,6,7,26,27,30,91,92,98,112,113,135,151,153,175,180,187,197,208,295,350,443,445,453
47,52,65,114,140,153,176,190,191,194,199,200,201,204,216,235,242,244,245,250,257,266,274,292,293,299,307,323,324,338,341,343,372,378,392,399,400,413,429,443,445,449,469,470,472,484,486,489
21,57,115,125,161,168,174,190,192,196,206,220,242,253,258,264,265,267,280,286,299,313,316,348,362,366,384,419,429,431,433,450,452,462,471,477,486,487,489,492
6,21,31,33,35,43,56,64,68,89,98,115,133,149,199,276,305,312,319,366,385,392,399,436
6,32,42,74,110,116,138,158,160,161,183,212,230,235,252,257,258,262,265,267,276,291,295,314,327,339,382,385,388,390,404,411,413,415,424,427,452,482,484,487
4,19,92,109,132,137,140,150,206,322
8,28,50,66,87,106,108,115,142,160,193,194,198,205,210,214,221,224,228,231,232,239,240,256,258,259,267,272,292,300,302,308,311,312,317,335,337,339,366,374,387,394,399,408,416,419,425,428,431,440,443,444,446,452,454,456,460,474,486,490
7,11,38,98,114,132,137,138,140,182,184,185,200,217,220,240,242,244,246,261,268,273,278,286,287,336,340,347,385,391,430,454,464,469,481,488,489,497
8,12,30,35,42,61,64,73,113,122,125,167,172,184,250,269,322,330,444,479
11,18,46,55,65,75,79,88,96,113,117,128,140,151,166,185,196,208,217,228,230,266,267,274,276,286,296,299,307,311,319,322,328,333,335,348,355,381,398,399,404,411,420,431,434,440,450,453,461,472,480,491
11,27,54,79,88,99,100,139,180,189,238,240,253,292,316,401,441,463,495,497
1,11,14,31,42,69,77,94,108,110,113,115,116,172,184,189,208,223,253,256,258,270,273,291,294,302,310,313,315,317,337,344,366,383,384,397,415,436,437,438,451,459,463,482,486,494
15,35,48,59,62,71,75,110,113,117,119,158,168,197,207,215,221,232,236,247,249,274,277,286,299,311,332,343,346,385,388,396,416,418,423,424,434,461,486,490
15,21,27,30,40,45,51,52,122,128,134,185,192,225,254,280,281,298,314,329,339,347,367,403,406,414,417,419,425,438,445,462,477,488
21,34,39,113,138,158,174,183,195,216,218,221,225,227,232,236,239,252,254,259,273,298,325,342,357,365,390,393,407,412,419,423,445,470,487,492,496,499
0,6,65,76,82,97,99,100,113,114,119,132,150,189,285,319
26,61,81,105,123,131,140,143,145,153,166,184,186,206,209,220,224,236,237,245,249,253,260,265,272,281,285,291,302,305,306,316,317,329,332,337,340,352,359,361,369,388,397,398,400,404,429,435,437,448,449,452,467,474,478,480,486,493
1,50,59,105,119,149,158,184,190,263
18,27,58,60,82,83,84,93,97,103,140,147,151,162,163,173,184,205,206,215,228,234,244,256,260,264,267,279,283,294,304,309,319,320,324,331,334,336,345,348,355,365,381,382,383,387,392,396,400,401,406,410,411,417,446,447,454,456,461,463,467,469,474,480,485,494
10,14,38,71,110,150,151,160,163,168,182,205,210,217,228,231,239,243,247,248,256,265,278,279,303,304,309,318,326,330,338,346,349,367,372,379,387,400,414,419,420,421,423,427,431,435,442,450,451,464,468,472,477,483,485,487,495,499
7,59,73,81,89,117,181,353,392,453
21,22,44,48,51,62,70,117,135,153,162,168,174,180,184,237,268,270,379,391,403,416,458,482
6,7,26,30,68,110,113,114,142,161,169,174,182,189,201,202,220,228,248,253,293,312,345,349,407,420,454,458,470,471,474,481
27,40,49,57,83,103,111,166,177,182,185,188,199,201,216,225,262,292,297,299,304,323,329,390,405,419,447,452,471,474,476,485
31,32,37,43,59,97,105,114,131,148,162,169,180,195,210,211,218,228,229,241,270,271,276,282,294,297,303,306,308,312,317,333,340,355,361,367,372,376,386,403,404,407,422,424,429,455,459,461,469,470,476,480,481,484,486,489,491,498
27,45,62,87,100,113,115,129,134,175,183,192,194,245,346,401,406,475
19,31,43,58,91,103,135,141,149,161,199,218,221,223,236,242,246,258,261,265,269,282,290,291,295,299,310,316,341,344,354,371,372,388,408,413,425,431,438,441,445,450,452,454,456,464,474,475,494,497
17,32,37,84,89,96,100,123,135,151,166,171,172,173,189,202,207,219,245,250,257,258,262,263,265,268,275,293,295,305,332,343,344,346,365,366,369,383,387,408,409,412,415,417,419,420,421,442,448,451,453,455,456,460,470,475,481,487,489,493
31,44,93,95,98,101,108,131,163,170,173,177,182,207,213,214,233,259,266,277,284,292,296,302,309,315,317,326,331,332,341,343,351,352,353,358,364,393,394,407,433,435,439,447,457,462,464,480,484,499
26,34,38,108,111,119,125,135,149,166,187,217,229,236,237,245,247,249,257,263,266,271,276,279,297,313,322,328,367,370,379,380,384,390,391,395,399,402,403,405,411,416,440,442,444,445,465,469,470,487,492,494,495,499
15,29,84,89,99,113,114,122,125,146,166,174,211,228
28,34,39,67,81,82,90,98,105,115,116,122,138,166,182,189,211,238,251,283,289,297,304,305,311,322,329,341,356,374,376,386,398,404,414,428,435,456,457,461,465,473,475,478,480,489
17,50,53,54,62,92,110,111,112,155,163,165,169,195,201,216,222,233,243,261,266,270,282,287,291,296,328,342,385,388,394,403,418,431,450,462,469,474,482,483,493,495
21,74,93,97,99,123,137,142,149,150,153,158,166,172,184,197,206,215,245,251,257,264,272,282,284,297,305,324,332,359,361,374,384,408,419,425,433,436,438,459,473,474,478,492
44,45,50,58,82,84,85,135,152,158,182,190,192,202,212,222,226,229,242,243,250,274,275,288,300,311,313,316,317,335,356,364,383,384,400,401,404,407,414,417,438,446,450,451,455,470,477,482,489,491,498,499
12,36,39,54,74,80,90,100,109,113,117,137,145,197,207,209,236,296,381,428
19,43,59,83,88,93,140,146,153,180,210,223,235,240,245,273,286,295,296,306,349,360,366,377,383,390,403,407,436,449,454,464,473,479
6,11,48,108,117,119,142,153,160,172,185,190,199,205,225,230,235,245,246,248,251,272,275,276,285,287,290,294,301,306,311,317,324,334,343,349,359,380,381,382,394,395,400,403,406,413,426,436,438,445,446,464,470,480,482,490,491,492,497,499
38,40,53,65,82,100,102,105,108,113,117,140,142,152,160,168,172,180,182,189,195,197,209,227,228,231,236,243,254,257,262,273,275,279,280,282,283,284,285,293,297,328,338,339,356,358,359,365,368,393,414,416,421,443,458,460,463,470,472,494
6,24,88,94,108,117,131,135,177,181,182,215,217,223,225,238,239,247,253,273,282,304,318,320,334,337,342,343,349,352,356,365,371,372,377,380,384,385,387,396,399,402,426,431,433,437,453,456,460,466,473,475,484,496
26,40,50,61,63,81,85,99,122,131,137,161,165,174,194,209,219,222,232,239,241,255,260,263,271,282,295,301,305,313,324,331,334,352,353,365,367,392,414,438,447,460,470,476,482,485,491,493
8,15,32,36,43,71,93,96,119,129,132,177,189,199,239,247,255,264,265,270,276,278,286,292,301,305,310,311,312,317,321,326,346,350,354,370,375,390,392,394,397,401,404,409,413,415,433,434,440,443,445,454,455,465,472,474,475,479,482,486,495,497
11,27,54,65,71,73,76,103,114,115,123,134,158,162,169,176,196,197,206,220,222,227,236,237,240,249,253,255,259,264,276,300,309,320,377,379,393,400,403,408,419,425,438,440,453,499
13,18,68,69,94,98,105,132,155,172,217,392
3,7,14,23,45,108,131,145,150,160,180,197,221,225,235,244,262,277,284,311,314,316,328,332,346,348,357,360,362,363,386,393,395,399,404,409,410,411,414,418,423,424,447,449,453,458,462,466,487,492
39,48,52,54,55,61,102,105,106,149,167,180,181,189,192,201,202,205,207,213,221,310,341,438
2,44,49,53,62,90,92,111,114,122,127,135,139,154,181,207,212,217,235,336,360,370,377,380,396,409,418,457,459,463
6,51,75,83,90,98,100,110,142,158,160,187,192,220,235,262,265,270,319,320,324,370,383,470
14,65,90,102,115,131,142,159,163,169,172,182,189,202,221,237,248,250,252,253,256,257,276,278,281,289,292,317,328,329,331,334,350,354,356,359,366,378,381,384,391,397,405,413,433,442,449,458,467,495
23,27,31,51,57,83,89,119,125,127,134,181,189,195,197,223,241,250,260,267,290,298,306,322,328,338,339,340,377,390,398,405,428,450,456,458,459,468,485,487
0,1,2,5,7,44,54,55,67,68,73,93,105,122,160,168,177,211,215,243,254,262,263,269,279,285,286,291,300,325,327,335,355,378,391,392,398,414,416,421,441,452,460,472,478,498
0,3,6,14,30,39,58,74,87,118,131,139,155,169,201,235,245,247,264,270,273,275,277,288,291,292,309,310,313,315,327,333,339,346,354,355,359,360,368,369,377,380,382,387,390,394,404,426,430,458,460,471,473,481,491,494,495,496,497,499
6,30,45,46,54,59,78,99,100,132,158,165,180,182,184,187,219,220,227,229,230,234,237,248,250,253,256,259,261,268,270,271,275,299,310,311,338,352,357,359,368,373,377,378,384,385,399,400,413,421,425,427,434,436,452,466,468,473,475,483,497,498
60,74,84,92,114,140,151,172,195,197,199,209,212,218,221,225,242,243,257,261,266,267,294,326,344,350,364,365,372,381,382,386,387,393,397,410,416,423,441,479,481,483,491,496
1,19,55,59,73,110,111,116,135,136,141,147,174,199,204,212,225,231,235,244,258,280,296,299,310,315,321,341,366,368,372,378,404,408,410,413,433,456,473,476,478,479,493,495
7,27,47,58,74,87,93,132,137,147,159,161,193,214,222,243,251,254,258,259,277,278,279,285,301,341,361,370,377,391,405,417,425,465,477,482,495,499
15,37,49,50,83,84,105,129,134,137,168,189,197,202,222,223,224,246,255,265,270,284,312,313,314,316,351,357,360,369,393,404,416,434,437,441,456,457,462,473,474,476,480,498
4,34,53,59,60,61,102,128,145,166,181,189,190,193,219,225,246,247,258,263,276,291,295,309,311,316,321,322,389,394,399,419,431,444,452,480
0,32,42,69,79,89,90,91,100,106,114,147,155,162,163,207,223,232,244,258,260,267,273,280,289,290,294,295,307,313,321,332,335,339,346,347,364,365,374,380,387,391,396,400,404,412,420,431,444,445,447,451,478,494,495,499
5,11,45,50,53,61,99,103,109,137,151,184,185,190,209,217,236,243,248,254,257,261,262,264,276,292,304,319,337,338,340,342,343,347,348,351,355,356,357,360,366,378,384,385,393,407,411,416,422,431,433,435,438,440,448,460,469,472,478,494
5,29,39,54,61,115,117,139,202,215,217,221,233,236,238,242,268,280,285,286,289,291,295,296,299,336,351,397,406,417,425,427,428,429,441,455,456,459,488,490
10,30,58,81,135,145,174,177,184,190,201,227,237,241,247,257,261,270,281,283,288,304,309,312,316,318,321,332,334,339,347,353,359,383,393,394,399,407,414,415,416,422,423,435,442,443,447,450,454,457,476,482,486,489
48,54,59,64,65,75,78,79,83,85,114,119,147,177,180,184,199,208,210,212,216,219,220,234,252,257,258,263,273,287,292,296,300,303,305,307,308,326,350,353,354,362,363,367,368,371,384,385,387,393,395,402,405,414,415,417,422,426,441,444,446,452,454,463,468,476,479,481,484,498
32,58,59,82,92,105,150,162,180,182,190,209,220,239,240,252,259,278,292,315,320,366,376,396,421,427,462,467
1,6,10,38,60,63,90,92,94,96,103,110,128,150,163,177,178,195,202,212,222,224,234,240,244,254,261,266,277,292,306,311,338,339,342,378,410,428,446,447,461,468,469,489
1,4,49,58,63,75,110,118,121,125,132,136,137,144,153,154,202,205,220,231,235,242,345,368,407,419,461,490
0,7,9,30,39,40,53,65,88,93,96,114,158,159,166,172,195,199,212,225,253,257,259,266,270,271,280,281,297,303,305,308,329,330,332,347,357,361,367,373,375,377,381,397,412,434,444,455,456,469,478,488,495,497
5,19,76,88,95,96,135,160,180,182,184,191,210,217,231,232,235,257,262,266,268,303,314,322,330,336,341,342,351,364,401,424,432,434,437,462
8,36,92,102,121,131,165,166,177,214,216,220,238,252,256,262,283,285,286,287,299,310,311,328,329,330,338,348,355,370,380,389,390,398,399,401,410,416,426,439,442,449,460,466,469,488
17,47,65,70,122,151,187,197,231,245,246,251,274,286,320,359,372,373,383,411,416,441,454,467,474,475
14,20,30,35,38,61,90,111,142,150,174,185,193,194,199,205,222,225,231,235,249,258,259,268,271,277,278,288,289,297,300,301,313,314,316,322,324,332,333,339,353,364,366,370,372,374,376,377,381,394,401,403,405,419,428,435,444,448,452,453,455,456,464,465,468,471,475,478,489,492
79,83,85,90,93,98,115,119,132,137,138,142,196,197,221,233,238,242,247,255,257,258,261,265,268,273,274,277,290,293,298,306,310,315,319,322,324,332,335,337,339,343,344,352,357,359,367,377,381,384,386,397,398,412,413,428,433,438,465,473,476,479,483,487,489,493,494,497
13,21,34,49,56,58,74,99,125,138,150,177,223,224,225,239,254,257,279,303,312,321,339,350,352,369,371,407,422,444,469,485,491,495
7,9,10,32,53,58,75,76,92,93,105,108,117,128,134,144,147,153,163,165,177,189,194,201,202,231,235,251,263,266,272,275,296,299,311,315,317,318,322,334,341,345,348,354,356,359,368,379,400,403,406,407,408,414,425,433,435,440,445,454,460,461,474,480,482,485,494,498
17,51,53,79,93,111,122,123,127,138,139,140,153,177,184,187,210,212,216,221,231,236,242,244,245,249,250,254,255,271,279,282,298,299,315,319,327,343,345,349,362,363,373,374,413,420,438,442,448,452,487,489,495,498
11,37,50,53,76,107,110,119,125,126,140,148,165,174,178,180,185,187,189,194,209,210,237,238,240,241,245,253,254,261,279,296,300,306,313,314,315,320,327,336,346,353,357,374,396,409,411,412,431,435,450,455,459,463,471,480
51,85,87,93,96,99,100,116,155,163,168,180,189,197,211,225,235,238,246,249,253,261,262,263,266,267,280,290,292,301,306,320,337,347,352,375,383,390,405,422,426,433,434,438,443,448,449,454,456,457,469,470,471,473,474,478
31,44,48,60,72,77,98,113,123,130,138,144,149,177,180,199,201,223,232,241,291,317,365,391,431,494
38,63,65,96,112,121,125,127,129,137,145,163,165,190,209,215,235,236,242,244,247,254,258,259,337,393,399,434,455,456
12,19,28,31,38,48,52,53,55,59,65,69,108,123,154,155,180,187,206,210,221,227,230,233,242,250,251,259,272,325,379,384,409,411,414,469
12,21,33,34,48,85,89,91,102,105,106,124,148,155,200,210,212,223,233,240,245,256,259,268,270,271,276,278,289,293,295,299,301,315,323,325,329,330,345,349,357,370,371,377,380,386,402,407,413,414,420,424,427,467,470,482,488,495
38,77,83,107,115,116,123,147,151,154,155,185,201,216,224,225,234,242,273,285,301,312,313,326,328,329,335,354,356,358,364,370,377,379,390,394,397,412,428,430,438,439,444,445,448,455,457,459,473,488
27,30,65,95,114,132,151,153,161,169,185,187,199,202,209,210,224,230,239,254,289,295,297,300,302,306,314,319,320,323,325,327,329,334,340,342,343,354,355,364,368,370,378,381,383,387,389,390,391,397,402,404,410,415,435,437,443,456,459,467,468,469,474,476,483,485,489,495,497,498
1,78,81,82,113,115,150,162,166,167,184,192,211,212,215,236,247,249,250,256,259,277,279,281,284,285,297,302,304,320,325,328,340,341,352,367,378,380,397,403,404,406,407,411,420,425,431,439,457,458,475,482,491,493
21,44,61,84,93,99,110,115,135,137,165,181,185,187,189,192,201,232,236,241,259,307,313,323,350,353,366,369,428,468
47,53,54,62,82,83,90,116,118,137,168,176,190,204,210,235,243,250,253,254,263,283,284,293,295,301,302,309,312,313,318,321,326,330,331,334,346,353,359,373,374,375,397,407,416,417,419,423,429,437,462,464,467,480,485,490,491,492
2,26,32,35,36,45,47,89,92,134,160,165,191,209,233,274,279,280,285,286,290,297,298,300,311,320,330,340,342,362,364,369,372,375,379,384,385,390,391,405,407,410,418,422,423,431,433,435,436,448,451,458,465,468,471,475,476,477,485,494
7,77,87,90,132,134,145,151,158,163,168,194,204,207,215,224,230,234,235,239,244,249,263,272,274,275,283,286,297,301,310,313,322,324,327,330,332,336,337,343,351,356,357,365,379,384,391,398,411,418,420,421,422,423,427,435,436,437,439,446,449,452,456,458,471,473,477,481,491,497
6,15,36,38,57,59,92,116,139,150,162,172,207,212,223,235,249,253,257,263,285,296,311,332,341,355,364,376,386,400,412,439,463,499
26,29,35,39,59,68,69,91,99,107,109,115,137,148,189,199,216,220,256,262,270,281,292,296,298,304,309,316,317,322,324,326,328,332,337,338,340,343,344,348,361,366,371,372,376,382,383,384,385,386,390,396,404,408,415,416,429,436,437,455,458,459,460,473,474,486,491,493,494,499
34,65,67,74,79,93,96,148,155,190,194,197,219,221,222,234,241,245,254,264,283,285,290,293,295,303,310,317,327,329,336,339,343,344,361,364,370,381,385,388,393,398,404,407,414,417,424,428,439,441,451,463,464,473,484,496
0,26,38,56,58,63,71,184,192,195,217,252,254,269,270,280,284,307,309,312,317,324,327,333,354,364,367,368,369,377,379,382,383,388,393,394,400,406,414,431,434,441,444,456,460,463,478,479,487,489,490,493
30,48,79,98,99,122,134,135,153,174,210,217,220,221,234,235,256,270,277,285,287,291,293,300,303,307,321,323,330,340,342,352,353,354,358,363,371,381,397,399,402,404,413,425,434,439,440,445,446,457,459,461,464,474,477,483,492,499
4,85,96,136,148,155,165,186,187,192,207,212,220,224,225,231,240,242,263,285,302,317,336,344,353,360,375,386,387,390,399,409,410,414,416,418,422,449,458,471,473,482,484,485,489,491
9,15,23,27,48,50,87,116,131,167,195,211,227,234,238,247,253,254,266,275,281,300,307,327,333,336,348,363,364,366,370,371,376,390,398,400,404,407,413,451,453,460,464,469,471,496
1,34,48,52,56,67,90,107,138,160,165,190,202,224,231,238,246,253,263,280,307,329,334,343,424,497
40,52,53,64,69,83,92,111,172,201,202,212,221,233,238,255,257,258,266,269,284,289,298,334,335,349,351,354,355,361,365,367,375,396,400,409,412,415,417,418,427,433,434,439,440,445,450,451,458,468,469,470,476,486
19,50,57,84,85,89,92,93,101,102,115,134,149,165,169,175,185,196,221,237,241,243,249,259,269,274,278,305,364,379,398,407,408,418,437,440,443,452,464,470,476,477
2,5,15,38,39,49,55,60,74,83,85,106,108,122,136,138,155,178,182,196,199,231,244,249,266,272,277,282,288,295,300,303,309,313,315,328,340,342,344,348,354,361,373,374,376,394,400,402,404,405,416,421,429,431,433,434,435,440,457,462,466,479,486,495,498,499
14,42,48,61,63,88,89,102,103,105,117,123,143,147,150,207,209,215,216,221,222,223,257,281,283,290,293,296,298,305,311,334,351,356,371,372,373,377,379,385,396,397,419,430,431,461,466,469,480,482,486,492
1,4,12,30,82,88,100,133,166,182,201,214,221,244,251,268,270,273,282,285,312,317,318,368,376,407,420,432,443,458,464,492
12,40,42,47,61,67,96,98,116,121,123,132,138,146,161,162,163,168,211,216,221,227,239,266,268,274,279,294,298,305,306,308,315,328,331,333,342,344,347,351,363,374,378,382,384,388,391,396,397,398,401,406,411,413,422,437,438,439,446,466,468,469,471,473,474,476,479,480,482,485,486,491
67,82,88,96,111,112,115,123,159,160,181,182,198,199,220,221,233,238,243,251,264,266,269,271,273,275,276,283,290,299,428,484
10,57,73,78,98,131,139,185,190,192,195,219,224,233,243,251,252,269,270,302,308,332,333,343,347,365,396,422,436,453,476,494
13,23,31,53,55,71,83,109,112,128,150,165,166,167,168,190,215,220,245,251,275,295,296,297,300,301,304,307,308,315,318,325,332,342,352,353,361,378,382,385,387,394,400,405,418,421,434,439,471,474,487,488,490,499
6,26,27,33,63,67,88,95,111,122,173,217,234,244,253,281,295,301,320,332,345,363,392,395,400,410,424,448
8,35,54,106,153,214,231,241,243,253,263,265,279,299,306,312,318,319,330,332,341,342,354,361,364,374,378,381,384,387,391,402,407,415,417,453,457,458,462,463,464,475,482,487,495,498
8,15,18,20,21,53,103,117,119,121,128,129,160,209,220,232,241,254,259,269,273,282,285,297,316,322,329,331,339,342,347,353,360,368,372,384,385,393,404,411,413,414,415,416,427,440,448,482,488,491,498,499
13,18,53,69,93,125,153,154,158,160,162,187,194,199,209,215,233,234,240,243,260,275,299,308,309,312,314,315,325,332,333,335,336,337,341,343,345,347,350,378,379,381,382,385,386,399,401,402,404,409,410,413,415,416,420,422,432,441,442,461,465,466,468,472,473,483,484,486,490,492
45,49,50,57,90,105,118,135,184,189,193,206,211,224,231,234,242,245,246,247,259,272,293,294,298,299,305,308,312,317,320,330,333,334,335,336,370,377,378,383,389,391,394,395,410,412,423,430,432,438,450,456,462,472,477,480,486,489
17,35,38,63,75,83,105,108,110,122,159,184,205,210,221,254,263,268,273,275,282,292,294,300,301,304,307,314,315,316,324,325,326,331,333,347,349,350,353,354,356,358,370,374,377,383,394,395,396,401,405,408,412,414,423,431,436,437,439,442,449,462,464,470,477,486,487,493,494,495
43,47,48,52,54,67,72,86,88,103,148,149,151,174,175,177,194,201,207,220,236,241,284,292,293,300,325,336,376,386,395,402,413,448
11,73,81,86,93,94,98,116,145,146,160,165,168,183,187,209,210,219,223,240,241,243,263,265,268,273,281,287,288,301,304,308,309,314,323,328,330,334,341,343,351,358,361,365,369,376,377,378,379,380,383,385,387,392,396,397,399,400,405,408,415,416,419,420,434,436,448,459,462,467,469,474,476,478,479,480,493,496
31,32,48,63,80,96,122,140,160,165,192,211,215,218,219,237,243,245,256,258,271,272,282,287,298,303,307,325,331,336,343,347,357,366,367,388,398,404,406,417,423,446,463,468,473,499
34,48,89,173,206,207,212,214,216,221,249,253,265,266,269,270,287,290,301,302,311,313,319,323,331,339,345,349,350,359,369,375,392,397,416,424,434,452,455,473,477,487
17,65,86,90,97,100,103,106,119,125,137,151,167,168,174,196,197,232,254,257,269,272,279,282,284,292,296,302,308,321,322,326,331,336,355,359,361,369,371,378,382,385,386,388,389,391,394,395,397,398,405,407,412,423,431,437,452,455,460,474,480,483,485,487
5,15,45,51,58,72,83,87,109,110,116,138,158,167,169,174,177,184,185,192,195,206,209,235,237,243,251,256,257,263,285,289,291,292,300,305,316,330,339,341,346,352,353,359,370,380,398,401,410,417,418,419,452,461,469,488,494,497
11,38,53,58,65,82,84,88,102,103,106,112,118,132,149,155,162,177,182,189,217,225,233,245,253,258,265,269,275,277,281,287,293,294,299,303,307,313,315,318,325,327,329,331,333,334,340,349,356,361,363,364,374,375,377,381,383,388,395,396,400,403,405,411,413,415,417,431,438,439,458,478,487,499
9,11,32,37,42,54,56,57,61,83,84,96,163,182,220,223,224,238,253,259,263,264,268,270,287,288,293,295,297,302,306,318,321,325,327,351,357,359,364,367,370,379,385,386,391,398,403,411,413,414,415,428,429,444,462,465,466,470,480,481,484,487,490,493,494,498
18,63,82,135,136,137,160,177,189,194,199,211,265,266,268,276,286,297,298,301,303,305,313,320,321,328,335,336,350,358,360,361,364,371,381,382,386,391,397,404,405,407,413,415,416,420,423,426,427,432,436,438,439,441,444,451,456,467,475,479,488,498
6,14,17,26,43,103,166,179,202,207,245,249,250,255,273,275,281,296,300,302,309,318,324,330,331,334,337,353,365,369,374,376,381,394,400,404,405,406,410,416,420,424,430,431,432,433,445,446,451,456,473,484,492,493,494,495
38,57,60,64,67,93,107,114,116,140,149,182,201,202,206,214,222,242,244,266,272,287,293,295,306,312,315,316,320,331,336,338,340,342,346,349,350,353,362,366,371,385,386,387,392,395,399,417,422,426,427,429,431,432,434,445,448,454,455,458,467,469,471,477,479,481,487,499
4,52,65,75,94,100,103,105,182,186,199,210,214,216,223,224,245,249,280,282,284,292,299,302,308,309,316,321,324,328,336,348,356,361,362,371,379,385,418,439,460,490
61,99,105,108,138,139,140,158,172,199,207,219,220,232,247,254,258,259,265,284,289,301,304,310,311,313,328,344,345,348,349,352,364,367,374,385,388,402,405,409,411,420,422,434,448,451,453,454,457,487,496,498
35,43,113,131,139,150,155,184,192,241,245,267,274,275,277,278,287,293,296,300,332,343,349,362,363,370,376,383,389,412,418,424,433,436,444,449,458,471
1,3,14,27,30,34,40,43,98,103,113,123,136,148,152,189,207,245,249,284,286,287,291,292,295,298,305,310,343,346,360,364,380,384,395,397,405,406,415,422,426,434,441,478
11,45,67,83,94,98,148,158,159,160,201,202,211,225,234,240,244,268,272,274,281,291,295,303,305,314,315,319,325,328,390,411,418,440
53,56,88,138,165,174,194,209,224,228,234,235,237,251,254,270,273,306,308,314,323,326,328,346,352,353,361,363,364,370,378,379,388,389,399,403,405,416,417,418,419,429,432,436,438,445,449,452,455,456,457,459,461,466,467,479,480,481,482,488,494,499
16,17,39,61,62,73,74,83,91,105,145,149,181,189,192,195,214,217,220,224,227,235,240,247,251,256,269,271,282,297,306,316,317,326,328,332,347,350,352,359,361,364,365,367,374,379,383,391,392,396,408,409,410,424,426,441,446,449,452,454,459,464,469,471,473,477,478,481,485,493,494,495
1,5,91,134,137,138,142,160,161,162,163,174,181,182,186,189,205,207,224,239,244,255,264,268,274,283,289,291,292,304,321,338,344,348,350,354,355,357,360,361,363,372,380,390,393,395,398,399,406,424,428,430,443,456,473,499
5,26,34,35,47,84,110,125,134,140,144,160,162,180,185,194,212,217,223,234,239,241,253,258,264,267,268,270,281,297,300,302,306,317,318,327,332,334,338,340,342,347,350,357,358,363,365,383,387,392,395,398,399,404,407,410,422,423,425,429,430,434,438,439,440,442,444,445,447,454,457,462,466,471,472,474,477,483,485,486,492,497
5,19,21,34,43,54,75,106,112,187,196,227,239,250,253,258,265,291,293,295,309,310,316,319,322,338,341,343,348,352,354,355,356,361,362,364,366,371,374,376,381,386,390,391,393,397,398,400,416,419,421,428,432,437,448,452,456,458,459,462,465,467,468,473,476,478,480,485,488,494,496,499
1,17,40,61,75,97,113,159,166,177,194,211,234,237,246,254,256,257,258,263,281,284,287,291,293,300,304,309,324,328,330,336,343,354,357,358,359,362,370,386,389,391,410,419,423,434,444,445,453,461
7,42,64,93,113,135,151,169,173,180,185,193,199,209,217,227,239,240,244,253,272,290,293,299,304,305,311,314,430,433
11,26,32,38,53,54,58,94,112,125,155,166,170,189,194,199,207,211,217,220,224,231,256,260,272,273,274,276,283,292,311,313,332,346,348,377,394,396,404,412,417,436,451,463,465,498
4,6,19,26,36,42,56,72,80,85,90,108,116,122,123,151,158,163,180,202,222,244,256,268,283,287,289,300,301,303,313,322,331,336,364,370,378,382,400,403,411,415,424,446,468,492
28,31,50,75,85,102,106,108,116,141,155,165,172,175,186,192,198,201,230,242,254,257,265,289,297,309,314,320,341,349,359,398,416,422,452,498
12,26,61,62,63,83,87,105,172,175,201,222,225,230,246,252,258,259,265,266,269,288,292,302,304,319,321,326,327,341,348,371,372,376,392,410,413,415,417,435,472,479,481,484,491,493,494,497
2,45,100,106,125,150,160,224,237,240,241,244,255,268,275,298,301,302,305,312,320,327,329,332,337,339,341,344,345,351,353,356,357,362,363,364,368,371,385,387,391,392,399,400,405,410,415,433,436,458,459,460,462,463,466,470,478,479,487,499
9,11,26,27,39,50,67,69,75,113,117,145,162,168,177,188,191,192,212,214,232,240,250,253,254,256,270,272,290,298,314,318,326,328,334,344,350,357,360,364,365,367,369,374,377,380,391,392,393,394,396,408,410,413,414,415,416,418,419,421,422,423,428,429,434,436,438,439,442,447,451,454,456,457,464,474,477,488,492,493
3,26,34,58,60,99,113,135,139,140,153,159,184,206,263,265,267,275,295,297,310,325,328,334,341,342,348,355,357,367,396,398,407,408,409,411,412,413,414,417,422,424,425,430,436,439,460,461,468,476,478,481,492,498
1,26,27,51,53,67,71,90,99,111,116,122,140,169,184,201,216,220,223,230,253,254,270,272,274,293,303,305,315,349
12,14,26,74,79,108,111,114,122,135,149,175,197,233,262,263,265,266,287,291,293,294,296,300,301,309,323,326,328,345,346,351,360,368,371,382,390,399,402,407,408,409,413,414,417,418,420,421,424,426,427,428,432,434,435,436,442,450,453,459,460,465,466,473,475,478,483,484,486,489,491,492,495,499
3,4,5,11,17,18,81,108,110,122,123,155,174,177,202,211,224,236,245,264,268,272,293,298,310,311,320,322,325,332,337,338,350,356,358,359,365,373,377,380,383,385,386,392,398,412,416,419,430,432,442,444,445,446,451,453,460,463,466,469,472,478,488,494
15,19,45,57,83,105,117,122,132,140,148,150,155,162,168,187,233,234,257,258,265,270,273,274,277,300,301,313,320,321,336,342,346,348,352,354,356,357,361,362,368,377,379,390,398,405,415,417,426,429,443,457,458,464,467,468,469,476,477,480,484,491,492,495
17,27,43,46,56,60,77,93,106,148,162,182,192,212,215,221,227,231,232,251,264,266,272,281,284,295,302,305,306,309,310,311,315,322,323,325,331,376,387,401
4,18,19,47,65,108,110,137,138,154,168,196,199,206,214,231,249,251,263,264,265,273,278,290,300,321,339,343,350,375,378,384,390,392,394,402,413,417,431,433,435,443,444,447,448,454,462,463,471,478,483,485,486,491
1,3,47,48,62,145,154,191,202,249,250,251,263,268,269,270,275,289,292,295,299,303,315,331,335,336,341,348,355,357,360,365,373,374,375,380,383,385,387,388,391,395,396,397,401,403,406,407,410,413,418,419,430,432,434,445,447,453,454,460,462,465,472,476,479,483,484,490
17,33,34,35,37,48,61,67,79,93,123,150,159,181,201,211,223,231,268,284,290,293,296,297,298,300,303,304,318,328,330,334,335,337,339,340,344,353,354,355,359,360,362,376,378,383,386,387,392,393,400,401,419,425,427,433,437,443,444,445,452,456,458,465,471,475,486,493
14,30,34,48,55,78,85,92,99,116,137,138,153,161,166,182,195,199,210,211,216,227,241,244,249,253,254,270,271,272,286,287,288,289,291,307,311,313,317,321,326,334,336,337,342,346,353,356,358,359,361,378,382,388,399,407,420,422,430,431,432,434,435,444,450,464,467,470,472,482,486,488,489,496
21,32,35,62,90,98,110,134,173,177,180,192,207,234,253,274,277,284,286,291,292,293,300,339,340,342,345,347,354,355,360,363,365,367,369,370,376,382,383,387,390,393,395,397,401,407,408,409,415,417,428,429,430,435,438,440,446,451,452,453,459,467,471,478,480,482,484,485,488,491,493,495
26,57,74,102,134,135,150,157,201,220,222,223,231,244,256,265,268,278,279,282,292,295,300,303,313,322,323,331,332,339,340,341,342,350,358,407,478,484
6,9,32,35,38,44,48,55,58,72,112,114,149,150,166,177,182,189,192,217,233,241,254,264,279,291,292,302,330,331,336,338,340,341,343,344,345,348,352,353,362,364,366,369,372,377,379,382,383,386,387,391,397,400,402,405,407,410,420,421,429,430,431,434,435,440,441,443,449,452,459,470,471,472,476,481,484,485,496,499
12,15,43,45,58,68,78,83,84,111,122,136,140,190,201,229,243,250,258,270,273,276,277,291,292,294,296,298,302,304,305,315,318,327,330,332,335,338,340,346,348,352,353,360,405,406,410,411,421,430,444,453,456,462,467,468,476,480,492,494,497,498
38,81,92,105,137,150,158,174,189,194,199,222,242,254,259,261,270,272,291,303,321,326,331,332,341,348,352,353,357,362,364,365,366,367,376,378,381,382,383,385,389,390,391,393,399,400,402,403,413,416,417,422,424,430,432,436,441,455,456,461,466,469,470,471,472,473,474,476,485,498
17,31,48,85,87,162,163,178,182,184,202,221,232,235,242,247,251,272,304,312,313,314,326,335,336,363,368,376,388,400,402,420,425,426,427,434,437,446,448,449,450,453,454,456,463,466,472,499
43,46,48,54,75,119,140,151,160,164,172,181,187,189,196,221,232,234,241,244,247,253,254,255,273,290,297,299,321,329,331,333,334,360,364,369,374,382,397,415,419,420,422,442,452,453,454,455,457,465,473,479,483,488,490,497
14,17,26,38,146,154,159,165,168,170,172,190,199,207,232,242,265,266,269,272,275,281,300,304,313,331,333,334,335,336,341,342,345,348,349,354,359,361,372,375,381,386,394,396,397,398,400,404,405,412,418,424,426,432,442,446,448,456,458,459,465,466,469,471,473,480,485,488,495,499
1,31,50,57,78,83,88,90,96,118,135,139,149,176,181,184,209,211,214,228,237,238,250,256,266,271,289,291,295,299,314,319,320,321,323,330,334,335,337,340,342,348,350,353,355,359,365,366,368,372,382,410,413,416,422,430,431,432,437,440,443,447,448,449,450,454,455,458,462,464,467,471,474,475,477,483,491,495
62,64,96,108,119,128,137,140,173,197,215,222,242,247,250,265,269,275,281,284,287,289,290,304,313,323,327,332,333,334,340,341,356,378,389,398,400,439,482,490
1,62,105,123,135,140,159,175,182,184,195,210,211,220,222,242,254,257,265,270,272,273,278,286,291,295,296,307,308,314,315,329,335,353,368,369,377,392,394,410,453,477,487,492
6,15,22,39,55,83,89,132,163,168,177,194,209,210,236,254,272,273,276,281,284,306,312,321,322,331,335,347,348,352,355,361,363,364,366,368,370,372,376,378,380,381,387,388,392,393,397,400,405,406,407,411,418,419,420,421,422,425,432,437,440,441,443,451,459,461,465,468,471,472,473,476,480,484
33,53,57,83,96,102,113,122,123,135,137,140,148,149,161,165,167,175,201,205,248,256,257,263,288,291,297,306,321,325,333,335,340,354,364,366,380,386,387,398,399,401,402,405,412,423,424,428,429,433,439,442,443,446,470,477,485,489
11,51,61,86,100,101,106,135,149,162,182,195,202,208,210,224,227,234,241,258,268,299,304,308,310,317,325,327,332,336,348,356,365,368,369,378,380,387,389,392,393,395,397,402,404,405,406,410,413,416,419,420,425,427,429,430,431,432,433,440,444,446,448,451,453,456,458,460,461,462,472,473,484,485,486,488,489,490,493,496
62,90,93,123,134,163,172,177,190,196,241,242,244,249,259,284,286,290,291,293,296,311,313,333,344,348,350,363,372,380,384,388,402,405,409,411,412,414,417,419,423,425,429,430,439,440,441,451,455,457,462,464,466,470,471,476,484,485,493,498
17,28,56,61,105,114,128,131,134,135,174,181,185,192,201,227,242,251,256,272,277,281,305,306,312,314,317,320,323,327,330,335,336,337,340,341,344,346,347,352,365,366,380,381,389,393,398,421,458,476,493,499
16,27,38,62,65,90,105,110,117,145,162,173,202,205,219,220,222,257,263,279,293,297,300,304,306,307,319,324,340,351,360,361,367,379,385,394,403,405,409,410,415,416,419,423,429,431,435,437,445,449,451,456,462,467,469,475
0,4,5,19,27,58,65,98,105,118,148,168,173,177,183,224,231,236,245,255,267,291,293,297,302,304,311,312,313,322,326,329,334,341,347,351,359,364,371,375,378,382,394,395,398,423,428,429,434,441,442,456,467,473,477,485,486,491,494,495,496,497
4,11,15,32,59,121,123,160,169,180,211,239,242,243,250,270,279,282,284,295,301,321,325,349,350,352,353,362,364,373,375,377,378,380,381,393,394,400,402,405,408,415,430,437,440,441,453,455,462,468,470,476,480,481,482,483,488,489,492,499
20,27,33,52,59,77,88,96,109,110,111,116,134,138,147,154,160,168,199,211,222,223,235,254,255,259,266,275,287,299,306,310,311,314,327,335,336,337,344,348,351,353,359,368,371,380,381,383,384,388,401,403,406,408,413,416,417,418,420,422,426,428,436,440,441,446,447,448,449,450,452,454,455,458,467,474,475,479,488,489,493,494
6,21,84,113,138,151,169,177,203,211,223,244,245,253,258,267,268,275,276,287,290,293,299,303,304,310,321,331,332,335,336,337,341,343,351,352,359,368,389,390,412,416,421,477,480,491
7,19,59,65,114,122,131,137,162,169,174,209,224,231,234,245,256,264,265,274,275,279,281,289,293,312,314,315,327,331,333,340,345,358,374,392,404,418,425,439,446,459,474,483
22,45,65,87,100,122,129,141,147,161,176,182,192,201,207,233,234,242,251,265,271,279,298,312,314,323,330,331,333,341,344,358,359,362,365,366,367,369,374,377,379,380,382,387,389,392,396,397,399,401,403,405,407,408,410,418,420,423,424,428,429,436,437,439,442,443,444,458,459,462,463,469,471,472,477,481,486,488,496,497
1,56,62,84,119,128,129,153,155,163,165,182,214,217,221,222,231,242,256,264,270,282,293,300,305,314,321,326,327,332,342,346,368,388,397,398,407,410,414,417,422,439,451,453,454,478,487,492
12,22,49,50,57,108,154,165,172,180,197,227,235,239,242,249,254,258,263,270,296,301,312,313,315,321,322,323,327,330,337,359,361,384,388,396,430,456,458,484
7,43,45,65,110,112,125,152,154,155,160,211,221,264,275,293,295,302,313,315,326,332,334,354,355,362,365,370,373,376,380,382,385,390,396,399,400,404,407,408,415,433,435,440,450,453,456,463,467,469,470,473,475,480,482,484,489,492,493,495
62,67,71,93,96,98,119,145,160,162,166,177,181,199,216,220,221,231,234,235,244,252,254,256,268,297,298,299,301,311,315,319,326,331,332,340,341,350,352,353,355,357,365,383,417,471,483,485
10,13,27,29,51,62,68,83,93,98,116,131,135,169,219,227,229,234,239,242,276,290,302,308,312,322,325,330,331,333,336,339,349,367,382,384,388,389,392,393,394,399,404,407,409,413,418,420,425,430,438,444,448,454,455,460,461,462,469,471,475,478,480,491,493,494,496,497
17,26,31,50,54,63,73,85,94,105,108,122,136,138,155,158,168,177,199,207,216,238,249,272,273,279,281,287,289,295,298,300,302,305,310,311,312,314,327,332,340,344,349,357,363,365,371,373,374,387,388,390,391,394,403,409,415,419,420,422,427,428,429,433,436,438,444,448,449,450,453,454,457,462,468,473,477,479,488,491,492,495,498,499
5,17,21,35,40,48,57,76,98,131,145,160,167,172,177,185,227,245,257,269,304,305,307,314,315,321,327,331,335,337,351,355,358,366,387,391,394,395,403,410,411,419,421,423,435,442,454,459,460,472,491,498
5,7,30,58,78,79,84,88,100,103,109,111,137,145,149,177,227,245,257,275,277,284,288,300,307,310,312,313,321,333,338,344,347,361,365,371,372,376,384,389,392,399,415,419,431,437,442,444,461,468,471,472,475,481,490,494
38,39,41,66,67,87,131,133,161,166,182,211,217,236,241,250,253,264,265,269,271,273,274,277,280,289,300,301,302,306,308,310,311,314,318,321,322,335,337,339,344,345,350,351,365,370,375,376,381,382,384,388,390,392,394,395,397,399,409,410,427,428,429,431,434,436,438,442,443,447,449,454,455,463,475,478,484,485,487,495
73,75,98,152,153,166,182,197,201,210,221,222,223,236,241,260,270,279,286,295,303,311,313,322,326,330,333,337,341,346,348,355,358,359,361,363,364,370,373,377,379,383,395,397,409,412,415,416,421,433,450,455,456,464,468,470,472,473,476,478,479,482,485,492,494,498
6,57,117,154,163,185,186,189,194,210,219,231,237,242,246,253,267,272,277,296,304,314,335,337,341,344,345,348,355,362,367,370,375,376,380,383,384,387,388,392,394,396,397,410,415,421,423,426,431,438,442,443,448,454,457,461,465,479,482,491,495,496
9,19,27,35,53,65,77,79,111,137,140,149,160,196,202,207,212,223,245,249,254,266,274,279,296,301,306,311,322,323,333,337,349,355,360,366,384,387,394,396,411,413,429,433,445,460,478,483,493,494
19,23,47,74,77,92,103,105,117,132,159,221,234,235,237,245,248,256,265,274,283,290,321,325,327,338,341,343,344,346,352,353,356,369,370,373,375,376,381,382,383,392,396,397,398,401,402,403,405,410,421,422,423,427,428,431,436,439,444,448,451,452,453,457,459,461,466,467,473,479,480,483,485,489,490,494
48,59,67,76,105,123,163,199,210,234,239,255,267,269,274,295,297,298,303,322,333,335,339,343,346,355,368,371,372,374,388,403,404,412,413,423,424,437,439,440,441,444,449,456,470,472,474,478,481,488,490,495
6,7,19,54,67,87,108,115,158,163,169,180,212,224,229,230,238,251,253,263,264,265,273,277,292,293,299,301,307,310,315,318,333,344,358,364,365,366,368,450
6,14,27,45,74,116,117,121,137,142,149,151,153,209,222,245,255,263,272,275,277,282,298,302,304,305,314,320,321,325,350,352,361,363,369,372,374,381,384,386,389,393,394,396,398,399,405,406,407,410,418,422,424,427,434,438,446,449,461,471,475,482
0,7,8,10,27,35,48,58,110,114,129,137,138,145,150,174,182,184,202,207,209,222,236,237,252,253,269,272,282,290,312,320,335,340,341,344,347,363,369,371,374,376,377,382,396,398,401,411,413,421,454,479
50,59,86,96,108,110,135,162,174,235,249,252,257,268,281,282,326,330,351,358,361,365,368,382
7,32,36,38,54,56,63,100,126,137,150,177,189,214,216,241,253,257,258,268,281,284,289,293,300,303,306,311,314,322,330,339,354,355,361,369,371,372,389,392,408,414,430,431,444,446,448,453,460,461,462,475
12,42,53,55,75,96,106,116,158,163,165,182,224,249,259,268,269,276,279,297,300,329,330,340,350,351,364,366,368,377,379,380,381,382,389,392,396,400,403,407,414,416,419,420,421,424,425,430,434,438,439,440,442,443,445,447,448,449,455,456,457,458,460,461,462,464,470,471,472,481,483,485,486,488
7,27,30,31,45,78,98,100,110,113,115,135,181,207,214,246,253,271,272,277,281,283,294,295,303,307,314,320,328,331,333,337,338,344,358,363,364,366,368,372,378,379,383,384,385,386,395,412,415,417,430,440,444,447,452,456,457,458,459,467,474,477,487,489,494,497
0,11,63,65,75,84,88,93,136,160,219,222,225,229,232,234,235,238,249,253,254,263,264,274,282,292,293,295,300,317,322,326,327,335,343,351,355,365,372,375,407,422,431,440,465,467,476,490
7,35,43,59,74,85,90,105,112,138,160,163,173,184,231,233,235,237,242,247,265,266,284,287,289,291,292,295,298,310,318,329,331,332,337,342,344,346,350,351,376,379,383,386,426,431,432,441,445,446,447,451,452,459,460,462,467,477,478,482,487,488,493,494,495,496
4,53,68,83,89,134,136,154,163,174,202,204,212,225,256,262,264,269,270,274,280,282,291,295,301,305,310,311,327,335,349,355,365,375,376,378,381,385,391,392,407,409,413,416,421,424,428,431,449,451,453,456,462,463,477,483,486,494
11,35,53,67,92,123,169,212,220,222,229,234,241,251,263,266,295,299,308,312,322,326,330,344,345,346,347,348,351,352,355,358,366,375,381,387,389,391,396,401,402,403,408,413,417,421,424,430,432,433,434,436,441,444,446,447,449,451,452,454,455,457,462,463,464,465,471,472,474,477,480,485,490,491,495,496
7,19,63,65,83,88,116,134,163,168,175,192,201,218,220,231,236,249,253,254,265,273,275,289,291,300,302,303,314,337,340,344,348,351,352,364,368,371,375,379,380,416,447,448,465,485
35,53,102,122,123,145,160,180,187,201,220,234,236,272,274,284,287,291,298,302,318,325,332,333,335,337,339,341,350,355,358,360,364,368,372,373,375,392,395,398,400,405,406,413,417,437,441,444,453,458,462,467,470,476,484,485,488,491,497,498
27,90,114,116,125,134,153,154,158,162,164,177,180,194,201,210,217,219,230,244,252,259,265,272,274,292,293,295,300,307,311,313,326,330,331,333,335,337,352,359,365,366,368,376,378,472
10,42,81,83,93,123,140,150,158,176,180,185,194,212,216,217,222,231,235,242,245,254,262,269,270,272,284,289,290,308,329,347,352,357,360,363,364,366,367,371,376,401,405,410,422,433,437,463,482,484,488,497
6,14,16,30,47,62,90,117,140,141,151,158,165,172,174,186,187,190,195,215,222,235,242,245,269,272,273,282,287,290,291,295,298,301,304,305,306,321,326,330,337,349,358,376,379,391,400,417,418,427,428,429,433,437,438,443,450,455,456,459,461,471,472,488
5,19,37,67,75,116,138,150,151,207,214,227,236,254,263,271,272,276,291,294,298,301,302,304,314,315,326,331,335,340,345,371,376,378,392,396,398,413,425,429,433,434,435,441,445,449,451,454,469,478,481,484,490,491
7,18,55,93,99,105,122,123,125,145,189,201,202,210,222,234,236,241,245,265,276,287,289,295,304,313,321,328,330,331,333,335,344,345,346,355,361,362,366,367,380,393,396,401,404,405,409,411,416,421,430,432,434,436,440,441,443,451,455,458,461,463,469,479,484,487,494,496
51,67,89,150,155,176,187,195,199,209,215,273,274,284,296,298,300,306,310,330,332,338,344,347,352,356,357,360,361,364,366,369,390,399,401,402,405,411,415,416,417,418,420,423,426,427,430,431,432,433,436,442,443,446,447,449,455,458,460,462,465,467,468,469,470,475,477,479,484,491,493,494,498,499
1,31,56,90,115,116,134,135,182,240,251,265,292,298,307,310,315,337,342,346,348,353,355,360,363,371,374,375,380,395,397,398,399,404,405,406,410,413,416,419,423,424,427,431,438,440,442,443,452,485,490,492,493,496
61,73,84,88,122,140,159,166,187,197,206,212,219,224,232,234,251,259,264,265,269,272,276,277,309,312,314,325,327,329,333,337,353,358,361,364,388,394,395,396,398,401,405,406,413,418,420,421,424,427,428,436,437,440,443,450,458,459,460,461,463,464,466,471,472,474,475,478,481,483,485,488,492,495,496,499
68,71,77,83,85,93,100,138,140,142,159,170,177,190,204,212,231,233,238,241,260,265,269,270,284,289,292,298,301,302,311,314,315,321,322,330,335,337,361,362,379,380,385,443,446,449,451,456,484,486,487,491
7,75,103,114,126,132,135,142,151,163,166,181,184,186,201,203,223,224,226,233,288,295,297,304,311,313,320,321,322,326,329,331,343,344,346,354,355,360,363,364,366,368,374,375,379,382,386,393,401,420,422,432,452,454,461,470,477,480,481,486
3,53,91,98,100,101,128,141,197,211,221,225,227,236,239,242,244,245,261,273,274,290,312,314,322,331,333,337,344,346,348,351,360,371,387,392,398,407,413,423,428,436,437,442,446,449,455,461,465,469,473,474,479,484,492,494
1,6,19,36,89,110,140,159,162,172,173,177,189,211,215,220,224,234,240,244,253,264,274,281,287,292,293,298,303,317,322,329,340,343,349,350,351,360,361,362,364,366,367,371,390,395,400,401,405,406,410,411,414,415,418,423,424,425,428,429,432,434,441,442,444,445,446,447,450,457,458,461,462,464,466,469,474,477,481,490,495,497
0,6,43,69,83,89,127,131,135,154,160,163,212,220,227,245,288,292,293,294,298,300,304,308,312,313,330,333,346,350,362,364,365,376,382,389,390,394,396,397,401,403,408,411,412,420,421,423,432,434,439,441,444,445,446,447,451,454,459,460,461,462,464,465,467,477,478,480,483,489,490,492,493,495,496,499
9,88,99,122,137,147,195,201,222,229,241,246,258,272,279,282,284,286,293,295,300,311,317,322,323,330,340,355,357,358,366,367,368,371,372,375,380,386,387,390,395,397,404,405,410,432,437,441,443,445,446,447,448,450,465,466,468,470,471,474,476,483,484,492,493,494,496,499
1,17,21,27,31,35,55,93,98,111,122,145,166,168,176,194,199,224,231,236,243,249,254,264,265,266,268,275,282,284,295,297,298,302,308,314,330,333,335,339,340,344,346,355,356,364,365,366,368,389,395,396,398,400,403,405,408,411,414,417,418,422,423,429,435,436,439,440,443,446,448,451,452,453,456,457,458,459,463,464,465,466,468,470,477,479,480,481,485,487,491,492,493,494,496,497
6,26,36,43,59,107,112,114,136,160,162,181,192,199,214,232,233,251,254,270,273,277,280,284,296,298,299,301,312,313,314,319,323,326,327,340,342,345,348,350,356,368,371,372,382,386,389,390,393,397,403,407,408,409,411,415,419,422,424,427,435,438,439,441,442,444,446,447,449,453,455,462,464,466,468,476,482,483,488,490,496,498
27,30,31,48,88,92,127,136,139,155,162,175,184,186,189,192,212,222,227,235,240,244,251,261,275,276,291,295,304,310,312,313,321,325,332,337,345,355,358,360,363,364,371,388,389,401,412,416,423,425,426,445,448,451,456,460,462,464,482,483,484,485,486,487,488,495,497,498
6,17,48,59,65,92,96,105,109,117,137,138,165,172,184,199,201,202,217,220,225,235,241,256,271,274,277,279,281,287,288,295,300,303,314,318,321,331,335,337,338,340,342,344,351,358,375,382,385,394,397,401,402,403,411,418,419,420,421,422,423,428,429,430,435,452,457,459,461,462,463,465,466,468,470,476,478,479,481,484,486,491,493,494,497,499
26,54,67,73,75,94,103,123,131,137,140,153,160,161,172,174,193,201,208,217,224,250,251,253,284,291,293,299,328,330,331,333,345,352,355,368,372,380,384,387,388,390,392,394,395,399,400,402,404,406,409,415,420,423,426,430,431,434,435,436,438,440,441,443,445,446,448,449,450,451,452,453,460,464,466,472,473,475,477,479,480,481,482,484,487,488,490,491,492,493,494,497
6,18,54,63,108,146,149,159,162,172,212,222,245,263,265,275,281,289,291,294,306,325,329,335,337,338,345,346,347,351,368,380,388,400,401,405,411,415,416,418,419,420,422,428,430,431,432,437,440,449,453,457,458,460,462,481,485,487,494,499
3,39,56,58,68,135,138,157,168,173,177,196,204,207,212,215,219,220,225,253,256,266,300,301,310,318,330,337,349,352,355,361,362,368,369,375,380,395,397,398,400,407,421,424,425,426,431,436,437,440,443,455,461,462,470,493,496,499
31,39,44,51,64,67,75,83,100,109,129,148,150,157,165,172,174,181,182,187,192,199,207,214,217,224,227,234,237,239,241,265,266,272,273,275,277,281,290,291,296,302,303,313,317,340,346,354,358,360,369,387,389,396,401,405,406,407,415,416,418,422,424,430,432,433,434,436,437,439,440,441,442,443,444,445,448,450,451,452,457,461,462,463,464,469,473,476,478,479,483,485,486,487,488,490,494,496,497,498
0,5,7,12,55,61,64,85,90,93,110,129,138,151,155,162,173,182,206,212,231,232,238,245,253,259,269,281,287,293,295,298,300,302,303,306,308,310,321,327,335,336,340,344,345,346,347,349,351,355,368,371,382,384,387,388,389,390,394,396,397,402,404,406,413,416,417,419,420,421,425,427,432,433,437,444,446,448,450,451,458,461,463,464,466,470,472,473,474,476,477,479,481,482,484,485,486,487,488,490,492,498
18,19,35,52,77,83,90,158,162,175,196,201,208,220,243,256,266,274,284,296,303,308,312,330,336,344,346,352,371,382,389,390,394,401,404,405,469,478
11,12,48,57,103,106,159,163,165,180,197,205,207,211,217,219,242,244,248,255,256,263,266,268,269,273,277,280,283,289,298,302,313,323,325,330,332,333,334,335,344,355,356,358,360,371,375,377,379,393,398,403,404,411,421,424,438,439,463,469,480,485
26,27,36,67,83,85,118,125,154,155,159,167,189,209,210,216,225,237,256,272,280,293,295,311,322,323,325,333,351,352,355,358,374,380,395,397,398,410,413,415,416,417,418,419,421,424,426,427,428,430,431,433,434,436,438,444,446,447,453,455,458,459,465,466,468,470,471,472,473,474,476,481,483,486,487,488,489,491,492,495
4,7,17,54,75,90,91,98,155,161,166,210,224,227,229,258,262,276,279,291,306,311,323,325,333,347,349,360,361,364,365,379,387,398,401,420,429,448,453,457,460,466,482,483,488,499
7,34,38,43,50,84,89,94,112,119,125,139,158,201,227,236,237,247,251,265,269,276,288,291,292,299,303,311,313,315,320,321,322,330,335,336,341,343,346,349,355,356,362,364,366,368,371,384,389,394,396,408,416,417,419,421,422,424,426,429,432,436,437,439,442,445,448,450,451,453,454,456,459,460,464,465,466,468,469,472,473,476,480,482,483,488,491,498
5,10,26,28,31,60,71,90,100,137,154,162,172,173,187,192,201,212,227,242,252,258,262,266,270,284,290,300,301,306,309,318,323,336,344,347,362,367,372,387,388,394,395,397,398,400,402,407,419,421,422,424,426,430,432,439,440,446,450,463,465,466,475,477,491,497
30,35,64,82,87,95,100,103,107,137,158,172,197,210,241,249,254,258,264,271,279,292,293,298,307,317,323,326,340,345,347,353,365,369,376,395,399,416,432,441,464,467,478,499
4,8,35,39,43,45,48,113,134,168,174,184,187,209,220,224,231,235,237,254,257,263,275,277,284,290,291,294,300,301,302,320,322,323,325,329,330,337,341,346,352,360,367,369,372,379,380,382,386,389,390,393,405,408,417,426,428,430,432,436,439,443,444,457,459,462,464,468,470,471,478,482,483,485,486,493,494,495,496,498
0,19,32,35,40,53,75,106,116,134,172,196,202,214,217,221,223,227,233,244,245,256,262,263,273,274,276,290,293,301,322,323,325,347,356,374,375,394,397,417,420,422,423,424,429,431,433,434,436,437,439,440,443,444,445,449,451,455,458,460,467,472,473,477,478,485,486,493,496,498
2,11,19,26,61,90,93,132,141,145,170,187,194,210,224,244,245,265,272,279,289,290,291,295,300,301,302,308,318,320,321,322,327,333,339,349,351,358,361,363,365,366,376,388,394,398,401,402,404,408,420,424,428,435,443,446,451,455,461,484
10,49,55,57,93,110,111,114,135,189,195,204,212,221,233,236,239,242,244,251,252,268,272,276,281,290,291,295,297,302,303,310,314,319,322,326,337,341,346,349,352,353,365,375,379,381,387,388,389,399,402,404,405,408,410,412,417,418,419,422,423,424,429,433,436,438,441,442,443,446,449,450,451,454,455,457,459,460,465,467,469,473,474,476,480,482,485,486,487,490,491,492,496,497
44,51,89,100,105,140,156,160,161,196,201,210,217,238,243,245,268,273,279,289,296,299,300,304,310,317,320,323,325,327,329,333,337,347,352,356,359,376,380,382,385,388,397,405,408,410,413,414,416,418,419,420,421,423,425,426,427,428,429,430,432,433,437,438,439,440,441,447,451,457,458,461,462,463,464,467,469,470,472,473,474,475,476,477,480,481,482,483,486,487,488,492,493,494,496,497,498,499
92,99,135,145,161,173,195,215,227,229,269,270,276,279,280,287,299,305,307,309,310,322,325,330,340,344,352,354,355,360,371,385,388,390,394,397,400,402,404,408,416,417,424,426,427,430,432,437,440,441,448,449,454,455,460,462,466,467,472,473,476,477,484,490,492,493,494,497
7,15,34,38,56,61,76,96,110,113,176,182,185,189,196,197,202,206,210,216,225,240,248,253,268,282,295,299,310,314,315,322,326,330,331,339,344,346,347,349,361,362,363,375,389,398,400,402,405,408,410,411,416,417,420,421,423,424,426,427,428,429,431,432,434,435,436,437,444,447,448,450,452,457,460,461,463,466,467,469,470,471,472,473,475,478,480,481,482,484,486,487,489,493,495,496,497,499
1,5,10,12,14,52,53,54,77,84,93,96,106,112,114,145,149,162,169,176,180,182,192,202,205,210,241,257,263,266,270,283,291,295,302,303,306,325,332,335,338,339,344,346,352,355,360,361,375,388,390,392,395,400,401,402,405,409,414,415,417,419,425,436,443,446,454,456,462,466,469,494
27,36,48,68,76,93,96,116,159,167,202,210,221,233,235,246,270,281,287,314,322,325,335,336,344,348,353,362,365,366,368,372,375,379,380,387,390,395,400,403,405,407,408,410,411,417,419,428,432,436,438,440,444,448,451,452,454,457,461,467,468,472,473,476,478,489,491,493,498,499
18,28,67,74,137,165,207,242,244,245,255,259,269,270,276,284,286,291,304,306,308,313,319,322,323,332,337,339,341,344,352,356,361,368,371,377,384,392,397,398,400,402,404,410,411,414,416,423,432,433,436,438,439,440,459,471,476,485,486,487,494,497
27,43,48,56,96,111,147,160,166,167,169,176,180,195,197,202,227,236,244,268,269,270,292,293,296,298,302,313,315,322,345,347,349,350,355,362,366,368,369,388,389,393,394,395,397,399,400,401,414,416,417,419,422,424,425,428,430,431,432,434,439,441,444,445,448,449,450,451,452,454,455,456,457,458,462,463,464,465,467,473,476,480,481,483,485,486,487,488,489,491,492,497,498,499
15,34,38,65,67,81,103,105,106,136,149,153,166,181,187,195,207,227,250,263,273,278,288,297,303,307,311,312,318,323,325,337,340,345,355,369,371,375,379,380,389,390,394,398,403,404,407,408,410,411,414,415,416,418,419,423,433,435,437,442,455,465,467,490
8,40,59,61,76,95,105,137,175,181,189,196,209,216,225,235,238,243,256,266,275,313,323,331,338,344,346,347,354,360,375,386,394,399,403,405,417,420,423,428,430,436,438,442,447,448,457,461,471,474,478,481,487,488,492,494,496,497
6,9,12,32,96,151,155,158,163,220,222,234,245,251,259,302,304,308,311,325,327,338,340,352,366,378,388,399,401,403,408,410,411,413,417,418,419,427,428,429,435,436,437,438,439,440,441,442,444,447,448,450,452,453,457,458,459,461,463,465,467,468,470,471,474,475,476,478,480,481,485,486,489,491,492,494,495,496,497,499
5,19,34,64,74,78,92,97,109,114,150,187,202,235,243,246,263,270,279,290,302,304,325,331,338,346,361,364,368,371,385,388,389,390,398,405,408,417,418,419,426,431,432,433,437,439,440,443,445,447,448,450,451,454,456,458,460,462,463,465,466,469,470,471,472,475,478,480,481,484,485,486,487,488,495,496
0,17,31,34,38,64,123,136,150,155,180,182,189,214,218,232,243,247,253,254,264,267,273,285,301,312,314,322,325,333,345,350,352,355,361,364,368,379,385,390,393,394,400,402,408,413,415,417,419,421,423,425,426,429,431,433,434,439,440,443,446,448,452,453,455,456,457,459,460,461,462,463,465,466,467,468,469,470,471,473,476,478,480,482,483,484,486,488,491,493,494,498
6,14,39,55,84,92,108,112,123,138,148,150,165,174,180,181,184,185,199,207,243,268,272,281,301,304,310,313,322,327,333,335,345,346,347,349,350,355,361,364,367,385,386,394,397,400,409,410,414,416,417,419,426,428,444,459,461,463,479,490
4,47,117,125,132,151,160,163,166,182,190,234,264,282,292,303,312,313,316,323,326,330,332,333,335,336,337,341,346,347,351,357,360,374,375,376,380,387,388,400,401,402,404,408,411,413,417,418,423,425,431,432,433,434,436,437,440,442,444,447,450,456,458,459,461,465,466,467,468,469,470,471,472,473,474,475,477,479,482,483,484,486,487,490,491,492,494,496,498,499
0,30,73,88,122,135,166,167,169,173,185,189,192,202,209,215,222,240,241,242,258,260,266,269,274,281,282,293,298,300,303,304,329,332,335,341,346,349,363,364,366,368,374,377,378,379,388,389,401,402,403,408,414,419,423,427,428,430,432,439,442,444,445,446,450,453,454,458,460,464,475,476,478,479,485,486,488,489,490,491,492,493,495,498
19,61,145,150,157,177,180,250,283,291,292,302,303,304,310,314,325,326,330,332,337,340,341,344,346,378,380,387,388,392,394,395,396,402,404,405,410,411,412,413,417,418,419,421,422,423,427,430,431,436,441,442,448,450,460,462,466,477,479,489,492,493
4,17,19,35,62,74,82,104,105,108,114,117,162,185,211,216,222,224,231,237,242,254,256,259,269,279,281,303,307,316,321,329,331,345,346,358,361,365,367,380,384,385,386,388,404,405,408,414,416,417,422,424,427,428,430,442,457,459,472,480,490,496
22,34,96,99,112,115,158,177,180,192,195,224,235,239,249,250,259,261,274,275,279,281,287,295,297,304,306,308,313,315,322,325,330,332,335,338,350,364,371,375,380,386,387,394,395,401,404,408,414,419,423,428,430,435,436,438,439,441,443,444,445,447,448,449,450,451,452,454,455,456,457,458,460,461,462,464,465,466,467,470,471,472,473,474,475,476,477,478,479,480,481,482,483,484,486,487,490,491,492,493,498,499
0,31,48,74,78,90,100,112,117,132,134,150,170,199,202,211,214,242,244,253,256,258,265,269,270,281,320,325,329,332,333,335,349,358,362,386,397,398,400,401,415,419,424,426,434,451,458,466,469,491
11,47,56,85,87,103,110,137,147,150,165,172,186,194,216,219,220,235,269,270,272,286,293,295,302,307,310,317,321,322,323,325,337,352,355,361,364,368,380,387,388,390,393,397,401,403,404,408,410,413,414,416,419,420,421,422,425,426,430,432,434,447,451,459,465,467,469,474,475,476,483,484,486,493,497,499
14,38,63,70,77,116,123,174,181,194,199,222,239,250,265,268,270,272,280,284,293,298,314,331,338,341,344,349,351,355,363,369,382,384,385,390,393,396,402,403,404,405,410,414,417,418,419,424,426,427,430,444,459,470,476,481,491,498
14,17,23,26,30,36,46,61,82,100,135,137,151,159,177,194,196,209,216,217,220,223,225,228,242,254,257,259,264,284,292,300,302,310,313,322,333,360,361,364,366,371,375,385,389,398,401,407,408,416,417,421,422,425,426,434,439,441,443,445,446,449,453,456,457,462,464,465,466,467,470,471,473,475,477,478,479,483,484,486,487,488,490,491,493,494,497,498
17,33,39,70,77,78,92,98,135,175,211,251,264,266,270,271,273,275,279,284,287,293,300,302,305,313,322,323,342,345,347,354,355,356,368,369,375,395,397,398,404,407,410,411,413,414,417,422,423,426,427,428,431,434,438,442,445,456,458,471,474,475,476,481,483,484,487,488
26,39,49,50,53,65,138,139,189,192,212,224,225,242,256,275,279,280,281,290,309,313,333,335,341,344,346,347,351,352,358,369,375,376,377,387,389,390,397,401,402,403,404,411,414,417,418,421,422,426,427,428,430,450,451,452,455,460,463,464,471,472,481,484,485,495,497,498
6,36,47,48,50,65,71,100,152,166,174,193,209,233,236,239,243,245,252,273,274,291,302,308,311,335,337,344,347,350,351,352,369,378,380,382,386,387,394,395,396,398,401,404,412,416,417,418,423,426,432,434,438,443,447,449,450,451,452,458,459,460,462,463,465,466,467,469,472,473,474,475,476,477,478,479,480,481,482,483,484,485,488,489,490,491,493,494,495,496,497,498
21,35,51,55,56,61,62,70,81,103,147,149,161,165,202,210,212,231,244,251,257,291,293,313,322,325,326,339,340,345,350,355,362,363,364,366,375,388,389,393,394,398,404,410,416,424,425,426,430,431,432,433,439,447,448,450,451,452,453,454,455,456,458,459,461,462,464,465,468,469,471,473,475,480,481,483,484,486,487,489,491,492,493,494,495,498
14,47,67,70,74,98,99,114,134,137,161,168,183,184,189,221,224,244,259,265,280,283,312,327,329,331,335,341,344,345,355,364,366,375,385,387,388,389,390,391,396,397,401,403,404,413,414,415,416,420,427,428,434,438,441,444,445,446,447,448,449,450,451,452,453,454,455,456,457,458,459,461,462,463,464,465,467,468,470,471,473,475,476,477,479,480,481,482,484,485,486,488,490,492,493,494,496,497
10,27,39,69,79,85,91,93,121,128,142,151,166,177,189,191,212,240,241,245,249,253,255,264,274,301,302,307,313,315,326,329,331,332,336,346,355,360,361,363,368,369,374,376,380,382,394,395,398,404,405,408,413,414,419,421,423,426,429,430,431,434,437,443,445,447,448,450,453,455,456,457,458,459,461,462,465,466,468,471,473,475,476,480,481,483,484,485,486,487,488,490,492,493,494,495,498,499
6,38,61,77,83,132,153,160,177,183,184,196,197,209,212,220,224,241,256,264,275,279,303,304,310,313,315,326,330,331,349,367,375,378,386,394,395,396,399,401,404,410,414,423,427,431,434,438,439,443,444,446,447,448,449,451,452,454,456,462,463,465,466,468,470,471,473,474,478,481,490,491,494,496,497,499
12,19,34,44,80,88,151,166,172,174,182,189,201,217,220,245,247,270,275,284,296,303,311,318,326,333,338,340,345,346,352,354,371,374,378,380,388,391,393,394,395,396,397,398,401,405,408,411,415,416,420,428,431,438,443,445,448,450,451,452,454,456,457,460,465,466,468,471,472,473,474,475,479,481,483,484,485,486,489,490,493,494,495,496,498,499
5,38,65,88,89,106,123,140,154,160,173,201,206,211,223,227,241,244,247,313,322,329,330,341,352,364,375,376,378,380,381,388,394,395,396,398,408,417,419,425,426,427,430,434,436,441,442,443,444,445,448,450,451,452,453,454,455,456,458,459,460,462,463,464,465,466,468,471,472,473,475,476,477,478,479,480,481,484,486,487,490,493,494,495,496,497,498,499
93,103,117,161,165,166,199,210,242,253,257,259,264,269,288,290,294,295,304,306,314,329,338,340,341,346,352,360,361,366,368,374,375,381,396,397,399,401,404,405,409,410,418,419,421,423,425,426,427,428,432,434,442,443,444,445,446,447,449,450,451,453,454,455,456,457,458,459,460,461,462,463,465,466,467,468,469,470,472,474,475,476,477,478,479,480,482,483,485,486,487,488,489,490,491,493,494,495,497,498
1,33,50,55,77,110,111,119,126,140,150,158,168,172,177,184,199,219,227,231,251,259,270,276,293,307,310,311,335,338,341,349,352,361,364,369,371,375,379,380,386,388,391,393,398,401,402,414,416,418,423,434,438,441,443,445,448,457,461,462,466,471,473,486
40,57,58,81,83,111,123,128,140,179,185,192,202,209,215,217,232,244,258,279,292,325,332,338,341,352,358,361,365,370,385,390,394,396,401,404,405,410,411,416,419,423,426,427,430,431,432,434,440,441,442,443,444,446,447,448,452,456,457,458,459,460,461,462,464,469,470,472,473,474,475,476,477,478,479,482,483,484,485,486,487,488,491,492,493,494,495,496,497,499
10,13,14,23,44,74,75,92,93,108,110,114,140,149,150,162,174,194,202,210,217,241,269,273,277,279,302,303,306,317,322,326,333,344,346,347,349,356,368,378,379,380,386,387,391,395,397,399,401,404,405,410,414,415,416,417,421,423,427,434,435,436,440,441,442,443,445,446,447,448,452,453,454,456,458,459,461,462,463,465,466,468,469,470,476,477,478,479,481,482,483,484,485,486,487,490,491,493,494,495,498,499
5,30,56,74,90,93,103,119,139,149,150,151,165,166,185,187,189,199,206,209,233,235,240,245,253,257,270,280,297,298,299,310,311,314,319,331,333,335,339,352,368,376,378,380,389,392,397,400,401,404,419,421,423,426,428,434,440,441,442,443,445,446,447,450,451,453,455,457,458,459,460,461,462,464,465,466,469,470,471,473,474,475,476,477,478,479,481,482,483,485,486,487,488,489,490,492,493,495,496,497,498,499
17,30,36,86,92,105,117,132,141,145,151,163,165,166,167,176,183,192,203,210,222,225,227,253,277,286,289,306,315,325,326,330,333,336,338,339,343,346,351,356,358,361,368,374,379,382,397,398,401,402,408,409,410,426,428,431,438,442,443,444,447,448,451,452,454,455,456,459,460,462,463,464,465,466,467,468,470,472,473,474,475,476,478,479,480,482,484,485,486,487,488,490,491,492,496,497,498,499
37,48,60,84,102,110,111,182,189,190,201,205,209,219,224,244,245,252,256,259,304,306,311,313,322,329,330,338,339,341,352,356,360,361,362,364,366,372,380,386,392,395,410,416,418,420,421,423,427,431,434,442,443,445,446,447,448,451,453,455,456,457,459,461,462,465,466,472,475,476,478,481,482,486,488,489,491,497,498,499
0,21,31,62,88,96,97,113,146,147,151,158,167,177,180,207,210,217,224,243,249,253,258,261,264,272,297,298,304,310,337,339,341,347,351,352,360,364,365,375,380,385,387,388,393,398,403,408,414,415,416,418,423,424,428,434,440,442,443,444,447,448,452,453,454,456,457,458,459,461,462,463,464,465,466,468,469,470,472,473,475,477,478,479,480,481,482,483,484,485,486,487,488,489,492,493,494,495,496,497,498,499
1,5,14,27,28,39,54,64,78,85,113,126,134,150,159,170,181,189,201,209,210,214,222,232,237,239,243,249,253,259,261,265,270,274,292,302,303,310,312,314,322,331,336,337,338,340,346,349,350,357,358,365,369,375,376,379,385,391,397,399,410,420,423,427,428,430,434,438,439,442,443,444,445,446,447,448,450,451,453,454,455,457,459,461,463,465,466,467,470,473,481,483,490,495
5,7,27,53,71,75,81,94,111,155,168,182,211,214,229,239,244,259,264,266,275,281,289,306,310,313,322,327,339,347,361,366,368,375,376,380,394,397,400,402,404,409,413,416,417,419,421,423,425,426,428,433,434,438,443,444,446,448,449,450,452,454,455,456,460,461,466,467,470,472,476,481,487,499
21,54,76,82,88,102,119,145,174,204,205,221,227,231,232,234,266,269,270,272,276,279,283,289,300,304,307,314,321,327,331,340,341,346,348,352,355,357,375,376,382,387,388,390,394,397,402,405,408,414,417,423,426,427,430,431,434,435,439,441,442,443,444,447,448,450,451,452,455,461,466,471,485,497
21,38,39,42,47,76,97,112,117,138,150,172,182,194,207,216,229,232,243,258,264,265,272,275,295,310,311,314,321,325,333,335,340,344,354,355,362,368,376,378,385,390,395,397,400,408,410,413,416,422,426,428,429,430,433,436,437,441,442,443,444,447,448,450,451,452,453,454,455,456,461,464,465,466,467,468,469,470,471,472,473,474,475,476,477,478,479,480,482,483,484,485,486,488,489,490,491,492,493,494,496,497,498,499
27,49,54,75,93,115,117,142,161,162,180,181,182,189,210,221,222,223,233,234,242,251,256,272,274,277,298,305,321,323,325,326,330,346,360,362,367,374,375,378,388,390,395,399,401,402,409,410,414,416,418,419,427,428,431,432,434,440,441,446,447,448,450,452,453,457,463,464,468,471,474,475,476,477,479,482,485,489,492,493,494,496,497,498
0,18,31,38,62,85,94,96,102,122,135,160,192,195,201,207,214,247,248,256,275,282,291,299,310,315,323,337,344,346,360,363,366,368,371,374,375,385,387,390,392,393,394,395,400,403,404,405,415,417,419,421,425,426,428,429,430,434,442,443,444,448,449,450,451,452,454,455,456,457,458,459,467,470,481,493
4,30,91,115,116,132,159,165,185,196,211,215,227,239,246,250,268,281,289,292,293,295,301,313,314,321,329,330,336,341,346,347,349,351,355,360,361,374,375,378,379,380,382,388,394,395,398,399,400,402,403,404,413,417,418,420,423,427,428,432,434,438,441,442,443,444,445,447,448,449,450,451,452,453,454,455,464,465,468,471,472,473,474,476,477,478,480,482,483,484,489,490,491,493,495,496,497,498
0,5,19,27,35,89,90,112,128,135,162,173,175,193,194,201,221,229,245,258,271,273,274,289,296,317,321,326,329,338,355,358,364,379,380,384,387,390,397,400,404,405,407,411,417,419,423,426,427,428,429,440,441,443,445,447,448,451,453,455,456,460,464,465,466,467,468,469,470,471,473,474,476,477,478,479,480,481,482,483,484,485,486,489,490,491,493,494,495,496,498,499
5,12,19,31,58,67,85,100,111,116,122,128,165,172,190,202,209,211,219,220,253,268,273,275,277,280,283,289,293,311,322,327,332,341,347,365,375,380,390,394,395,397,398,399,401,404,405,410,412,413,417,423,431,434,438,440,442,443,447,450,452,453,455,459,460,462,463,465,466,467,468,470,471,472,473,475,476,477,478,479,480,481,482,483,484,485,486,487,488,489,491,492,493,495,496,497
11,17,26,31,63,88,99,103,110,117,119,123,139,145,149,160,161,173,181,212,214,224,238,253,254,269,291,301,314,317,325,330,331,339,340,344,366,377,380,381,388,393,395,396,397,400,408,410,411,416,423,424,426,427,428,430,434,436,438,441,442,443,444,445,446,447,448,451,452,453,454,455,456,459,462,463,464,468,473,477,478,479,481,485,486,488,489,491,493,494,498,499
26,27,50,57,59,73,83,85,94,109,113,117,121,166,174,177,222,227,235,251,281,282,284,291,301,310,313,321,325,326,337,338,340,347,368,390,394,396,397,398,400,401,405,408,409,410,411,418,419,420,427,428,430,432,434,435,438,441,444,445,446,447,448,449,451,452,453,454,455,456,457,458,459,463,464,468,469,471,472,474,476,479,481,483,484,486,487,488,489,490,492,493,494,497,498,499
23,26,31,49,99,109,110,115,127,134,144,168,176,199,201,231,246,252,263,265,268,295,302,304,310,314,327,332,333,336,341,349,350,352,358,368,376,377,378,382,388,395,412,414,416,417,418,419,421,423,424,426,428,430,434,436,438,441,443,448,453,456,457,459,461,463,464,468,469,474,475,481,487,494
43,55,62,100,103,107,163,168,173,202,232,235,245,247,253,265,267,269,279,284,291,296,314,318,323,327,336,344,351,361,363,365,388,396,397,398,400,408,410,413,421,426,428,430,442,443,444,445,446,447,448,451,453,455,459,460,462,463,464,465,466,467,469,470,471,472,473,474,475,476,477,479,480,481,482,484,486,487,488,489,490,491,492,493,494,495,497,498
5,45,74,150,159,163,169,184,190,201,207,212,215,242,247,249,251,255,259,262,265,277,279,282,284,295,299,304,311,326,327,337,340,349,355,358,360,386,387,388,393,394,404,406,407,410,416,417,419,420,427,428,430,435,436,441,442,448,450,451,452,455,459,463,466,467,468,470,471,474,475,476,477,478,479,481,483,484,485,487,488,489,490,491,492,493,494,495,496,498
1,7,35,38,53,67,75,81,90,105,117,121,125,141,182,184,197,205,207,210,212,217,220,221,223,230,259,263,279,280,293,301,321,332,335,337,345,347,351,358,365,369,375,382,388,392,396,397,400,403,405,408,413,417,419,426,427,428,430,434,437,438,443,445,448,450,451,452,453,455,456,457,459,461,463,464,468,469,471,474,475,479,484,486,489,492,494,495,496,499
4,19,28,85,98,99,116,117,123,139,140,149,159,160,162,165,168,185,205,206,234,253,258,259,269,270,276,277,284,287,304,307,311,313,329,331,333,335,337,340,341,344,347,355,359,360,363,371,375,380,385,390,396,408,413,419,422,425,426,427,428,430,434,438,439,440,442,443,444,445,446,447,449,452,458,459,460,462,463,464,466,468,469,470,474,481,483,484,485,487,488,493,495,498
40,65,122,125,135,140,155,161,184,192,202,221,224,233,242,291,292,313,320,326,330,332,335,337,338,344,346,355,362,363,365,369,375,380,383,385,390,401,405,408,410,414,417,418,419,421,427,430,433,434,440,441,446,447,448,450,453,454,455,457,459,462,464,466,468,474,477,481,482,491,492,499
14,15,40,45,58,69,86,89,107,139,168,177,180,214,216,219,222,234,235,237,239,254,259,264,270,272,273,276,284,291,296,297,303,311,312,314,325,337,339,340,344,346,350,358,361,365,368,393,401,404,405,408,410,414,416,417,418,419,421,423,428,430,434,438,441,442,443,444,445,446,447,449,450,452,453,455,456,459,462,463,464,465,468,477,483,491,496,498
1,11,17,21,88,103,117,137,189,199,201,205,206,209,215,216,224,239,252,256,259,265,272,275,284,287,295,298,313,322,337,341,352,354,369,376,380,390,393,394,396,405,408,416,417,425,426,430,434,436,439,441,445,446,448,450,452,453,459,460,462,463,466,467,468,469,470,471,472,475,478,480,481,482,483,484,487,488,492,494,495,496,498,499
4,26,34,50,107,138,140,149,155,161,208,209,210,214,222,224,235,252,253,266,269,289,302,325,331,341,349,352,358,360,363,364,371,374,388,390,401,411,417,419,426,427,430,431,434,436,438,439,441,442,443,444,446,447,448,450,452,453,454,455,459,460,464,467,468,469,470,474,476,477,480,481,483,484,485,486,487,489,490,491,494,495,498,499
31,34,54,78,90,93,110,142,177,182,206,207,223,237,239,244,245,254,265,269,279,280,284,286,295,314,323,327,330,335,336,337,344,347,348,351,365,377,382,396,398,400,404,405,408,410,416,417,418,421,422,423,426,428,431,434,436,437,439,441,443,444,447,448,450,451,452,453,454,457,459,460,462,463,464,466,468,469,475,483,488,499
7,19,21,35,52,54,81,98,104,105,127,128,132,135,137,185,196,202,217,238,269,270,275,280,292,293,297,304,311,313,322,327,341,343,345,350,353,355,361,376,378,379,380,388,392,394,395,397,401,405,411,414,417,418,430,432,434,438,441,443,447,448,450,451,452,455,459,460,462,463,464,465,468,469,472,473,475,478,479,482,488,489,490,494,495,496,497,499
83,88,97,100,112,113,115,135,151,166,179,199,214,216,233,237,241,242,249,253,259,274,295,300,308,311,314,321,323,325,326,329,333,334,356,360,364,365,367,369,378,386,390,395,400,404,406,412,413,414,419,421,425,426,427,428,431,434,438,441,445,447,448,450,451,452,453,454,455,459,462,463,464,465,469,474,477,482,489,492,493,495,496,499
1,9,11,14,15,23,26,30,64,67,77,80,93,100,101,113,134,140,150,153,169,172,177,191,219,224,236,237,245,254,274,281,284,295,302,304,310,320,321,330,339,352,361,365,366,368,372,387,388,393,397,400,401,404,405,429,430,431,432,434,438,441,443,446,447,448,450,451,452,453,455,459,460,463,464,465,466,468,469,470,477,485,487,488,489,490,491,492
5,7,60,82,83,88,99,103,108,110,122,123,125,138,192,199,201,207,211,214,220,239,240,256,258,268,282,284,292,295,298,301,310,314,327,333,336,340,344,351,353,358,360,368,380,392,395,397,401,407,410,416,417,419,423,426,427,428,433,434,441,442,443,444,447,448,453,455,459,462,463,464,468,474,475,484,489,495,496,499
11,13,51,71,110,111,122,140,145,151,165,171,172,190,205,207,210,234,236,245,270,301,304,310,311,320,323,335,351,355,363,369,375,386,390,392,394,397,400,401,402,405,408,417,419,423,425,426,427,434,437,439,440,441,442,443,444,445,446,447,451,452,454,455,456,457,461,463,464,465,466,467,468,469,471,472,474,475,483,489,490,497
0,17,67,98,110,111,115,121,125,138,140,145,150,180,187,194,204,215,217,220,223,224,238,244,256,263,266,276,282,284,289,290,310,332,333,342,351,358,365,366,371,378,384,398,399,401,405,409,410,413,416,417,419,428,430,434,441,443,448,450,451,452,453,454,455,459,460,462,463,464,468,472,474,477,478,483,484,486,487,489,492,493,494,495,496,497,498,499
17,19,45,59,61,67,93,96,103,134,148,166,202,215,235,236,254,265,275,291,298,313,325,329,330,339,341,351,354,359,367,368,375,379,390,395,396,398,399,404,408,409,410,413,417,423,428,430,434,436,438,439,441,442,444,446,448,450,451,452,455,456,459,462,463,464,466,469,471,473,474,475,476,481,482,486,491,495,496,497
27,30,34,36,56,73,77,117,119,125,151,159,177,184,187,207,211,222,245,273,276,285,291,301,303,320,325,327,330,333,334,335,344,346,347,357,358,364,382,384,386,387,388,391,393,396,399,400,401,405,415,418,419,427,428,430,434,436,438,439,440,441,442,443,444,446,447,450,451,453,455,459,462,463,464,466,468,469,470,471,474,475,480,482,487,492,497,499
1,38,61,93,100,103,140,145,150,166,177,201,202,206,223,232,255,256,265,268,269,276,284,298,311,313,314,329,333,335,337,340,345,346,347,350,359,364,365,368,375,380,381,382,389,390,397,399,402,404,405,407,413,414,416,422,423,426,427,431,440,441,443,444,446,448,450,451,452,453,455,458,459,460,463,464,465,469,471,475,479,491
6,27,30,31,48,113,122,125,131,139,147,149,160,167,172,184,185,189,194,195,199,207,224,244,272,279,281,282,284,291,292,293,313,325,329,331,332,346,350,355,375,379,391,392,399,400,404,405,408,413,414,416,417,419,422,423,426,427,428,430,431,434,436,438,442,443,444,446,447,448,449,450,451,452,453,454,455,459,463,464,465,466,468,470,475,482,483,488,491,493,496,497
9,17,22,26,42,43,63,92,108,125,151,161,185,187,197,202,210,212,227,232,254,257,274,287,289,293,297,298,300,301,304,306,321,343,356,364,376,378,387,391,397,399,401,402,404,405,408,416,417,419,422,423,425,427,430,434,438,439,442,444,447,448,450,451,452,453,455,457,464,466,467,468,469,471,474,475,479,482,484,488,491,493
5,17,34,38,42,55,56,88,102,112,117,125,163,190,196,243,249,251,263,264,287,290,299,302,310,314,322,326,332,333,339,340,346,351,352,355,361,369,375,378,382,384,385,390,398,399,401,404,405,408,409,410,417,423,425,427,428,431,438,439,441,443,444,448,450,452,453,454,455,459,464,465,466,468,469,471,474,476,477,479,486,487,489,493,495,496,498,499
2,7,21,27,55,56,90,125,147,149,162,165,184,185,190,207,210,214,217,244,247,253,254,257,265,274,276,292,325,332,345,346,351,352,358,368,376,395,408,419,421,423,426,431,432,441,442,446,448,452,454,455,459,460,462,463,464,465,466,468,469,470,475,477,478,479,480,481,482,488,491,493,498,499
4,15,17,19,40,44,83,103,114,123,135,149,150,162,189,195,220,243,248,268,274,287,291,301,305,330,339,342,346,363,368,369,377,380,386,389,394,395,398,401,404,405,416,418,424,429,430,431,433,434,438,441,443,444,445,446,447,448,451,452,453,456,459,462,463,466,468,469,475,477,479,481,491,493,494,495,496,497,498,499
7,54,67,89,90,97,113,140,145,153,192,207,217,220,223,234,236,255,266,268,270,272,276,284,290,320,325,327,329,333,341,350,353,360,361,362,366,380,382,386,388,391,397,400,401,408,410,411,416,421,423,426,428,430,431,434,435,437,438,441,442,445,448,450,451,453,454,459,462,463,464,465,468,469,472,473,475,479,483,485,486,487,489,490,494,495,498,499
17,36,37,47,57,61,92,101,109,163,185,197,212,216,220,227,253,268,275,282,283,291,303,313,318,322,323,325,327,336,343,351,356,358,361,365,389,390,393,395,396,397,401,405,408,416,417,418,423,425,426,430,431,432,434,442,443,444,450,452,453,455,459,460,464,466,468,469,470,472,474,478,479,482,484,493,494,498
6,55,67,83,103,108,123,140,160,161,162,174,199,210,215,223,237,254,266,272,274,293,295,301,303,311,320,322,331,333,346,347,348,352,358,360,367,378,388,389,395,396,397,400,401,403,413,414,417,418,419,421,428,431,432,434,436,438,441,442,443,444,446,447,448,450,451,452,455,459,460,461,462,463,464,465,466,468,469,471,478,482,486,487,488,489,490,492,494,495,496,497,498,499
7,21,38,40,48,79,88,98,118,144,150,159,165,168,194,201,209,212,221,234,241,242,254,256,260,269,272,286,293,299,301,303,310,311,314,320,326,336,350,352,360,363,365,367,368,376,378,379,387,388,393,396,397,400,401,402,404,413,417,418,420,422,425,426,428,430,438,441,442,443,444,445,446,447,448,450,451,455,459,460,463,465,466,467,468,469,470,474,475,477,482,490,491,492,493,497
4,83,88,106,110,135,155,168,175,193,202,212,215,224,231,234,237,238,241,249,255,257,263,265,281,289,293,303,311,325,327,333,340,341,350,358,361,364,366,369,378,380,390,394,395,399,408,413,419,426,427,431,440,441,442,444,446,447,448,450,451,452,455,456,462,463,464,468,469,470,471,474,475,477,478,480,482,483,488,490,491,493,496,497,498,499
14,61,81,90,92,106,114,121,126,134,145,174,177,197,222,234,236,273,277,295,306,314,332,335,346,350,355,360,366,378,380,387,389,390,395,396,397,398,403,404,413,414,416,417,419,425,426,427,430,433,441,443,445,446,447,450,452,453,455,459,460,462,463,464,469,470,473,474,477,478,480,482,483,486,488,490,493,495,497,499
10,27,43,54,85,89,111,137,165,190,193,209,220,224,234,235,249,254,265,270,278,299,313,320,336,339,350,355,360,376,382,384,394,397,399,400,401,404,411,416,417,418,419,422,423,425,426,436,438,440,441,443,445,447,448,450,452,453,454,455,458,459,460,462,464,466,468,477,481,482,483,484,486,490,493,494,495,496,498,499
14,44,53,69,138,149,154,163,168,169,176,182,207,217,233,235,239,245,256,257,265,281,289,290,301,302,306,317,319,323,336,337,347,361,362,365,382,388,398,399,404,405,410,413,414,417,421,423,428,430,431,434,437,438,440,441,442,444,446,447,448,451,452,453,454,455,459,460,462,463,465,466,468,469,471,473,474,475,482,488,489,490,491,492,493,495,497,499
3,26,73,77,114,121,138,164,181,197,202,211,212,217,220,225,234,238,241,271,272,275,281,287,290,296,300,304,310,312,314,321,325,335,338,340,348,351,361,388,390,395,396,400,402,403,409,412,417,419,421,423,426,430,434,436,444,445,446,447,450,451,452,453,454,455,457,459,463,465,466,470,472,474,475,476,477,478,480,482,484,488,489,490,491,493,495,496,497,498
