11,29,35,42,44,59,87,92,104,108,109,117,144,152,181,189,200,218,229,236,245,257,261,267,290,301,305,317,318,321,329,337,348,361,375,381,391,398,408,410,429,431,460,466,471,473,478,498
13,37,48,54,63,65,71,76,77,85,87,115,122,139,150,152,163,177,179,195,202,227,229,246,276,281,282,318,322,324,344,350,356,360,364,385,398,400,403,408,423,430,463,498
33,45,54,62,73,75,91,120,124,134,144,210,218,223,226,257,271,275,303,322,326,349,355,377,399,424,479,484
6,36,66,79,92,98,105,119,195,216,217,250,268,276,306,317,319,320,345,350,386,392,412,432,433,441,447,449,450,455,458,466,469,476
8,93,109,131,132,153,156,227,228,254,255,258,325,350,355,367,387,401,407,416,453,478
77,91,166,191,197,280,284,415
3,115,155,177,288,316,401,421
29,36,58,115,169,200,217,274,303,317,318,319,350,360,392,394,400,451
4,47,91,120,122,132,146,159,173,212,215,242,246,253,260,299,350,351,352,393,395,427,430,431,437,445,458,483
40,147,164,209,334,349,458,471
27,40,55,56,66,78,79,93,112,117,121,146,168,196,217,223,228,238,246,253,273,281,289,291,323,343,347,370,377,404,410,438,440,453,454,471,475,478,479,486,489,492
0,217
21,24,68,84,103,113,158,186,189,282,302,336,392,398,404,461
1,204,282,306,310,338,348,370,404,469
36,54,109,111,145,158,162,200,235,252,310,347,368,395,411,417,441,445,447,479,484,496
33,34,56,58,66,79,96,100,110,111,114,125,133,138,163,191,205,206,222,237,241,250,285,308,322,324,345,358,360,366,407,418,422,442,460,462,464,465,486,496
32,52,60,87,96,98,140,147,172,177,200,209,216,217,234,242,274,287,293,305,311,322,371,378,384,385,398,464,474,480,487,497
19,23,36,49,56,63,83,88,98,144,146,159,177,179,194,197,219,228,232,237,240,245,284,308,339,341,351,354,364,395,409,414,440,453,478,480
35,46,49,72,77,78,91,109,110,143,149,169,174,186,190,194,222,234,262,266,288,299,319,321,328,333,335,391,399,406,420,427,429,447,464,470,477,479,489,496,497,498
17,35,43,48,67,68,74,102,106,121,122,126,131,132,156,184,190,221,222,223,257,292,303,308,336,356,369,378,380,396,409,424,458,472
37,41,57,63,79,85,96,97,100,114,132,191,195,212,229,254,256,262,266,267,378,393,403,411,422,440,455,464,475,498
12,52,93,96,100,108,118,129,146,152,166,191,192,211,224,229,237,247,255,258,262,263,264,267,277,301,320,321,333,341,364,373,377,381,386,387,396,416,424,438,474,499
26,36,50,89,98,109,115,122,132,143,169,185,186,188,210,216,232,282,298,322,333,346,364,376,382,394,395,415,433,443,467,472
17,49,53,55,64,88,112,166,172,183,191,198,202,216,220,296,314,340,353,373,387,392,394,409,422,457,462,467,476,483
12,36,37,73,99,137,144,159,286,311,317,374,402,405,451,478
102,167,208,382,391,459
22,41,80,94,105,135,150,167,196,201,230,247,257,289,295,306,318,321,334,339,351,354,368,384,463,480,483,488
10,345
40,50,54,73,74,76,92,93,119,121,135,141,150,162,176,178,182,192,195,211,264,281,304,329,334,340,367,371,375,382,387,430,453,464
0,7,30,33,60,69,87,113,123,127,130,132,134,145,148,157,158,165,178,217,241,249,275,289,293,303,306,318,319,340,367,382,383,402,414,418,436,499
29,74,75,79,80,121,131,134,139,140,141,150,156,161,168,169,180,182,189,192,194,204,219,241,249,251,258,261,271,312,340,350,364,382,410,411,412,440,447,499
45,60,133,170,184,203,291,367,385,401,411,448,451,470,471,494
16,41,66,67,75,102,103,109,117,130,134,156,158,172,175,185,197,202,205,233,238,239,243,277,297,300,301,304,313,323,329,331,336,349,389,396,397,399,407,408,414,416,421,423,424,435,436,461,470,476
2,15,29,46,80,143,145,167,187,191,214,239,280,282,285,323,330,337,343,403,430,487
15,77,138,143,217,247,425,446
0,18,19,36,309,361,438,494
3,7,14,17,22,24,35,119,153,256,286,334,341,369,388,471
1,20,24,110,217,224,271,276,295,336,341,369,413,434,435,449
43,58,64,71,72,77,89,109,121,153,164,187,209,213,216,227,234,239,250,280,281,284,287,304,370,375,385,395,412,416,417,442,445,461,464,474,476,485
57,77,96,103,116,123,144,147,152,158,182,183,185,190,227,242,246,253,256,259,266,268,269,270,274,286,372,376,384,414,432,455
9,10,28,45,58,77,83,103,120,124,181,185,194,238,246,275,284,292,295,326,342,384,391,393,399,414,429,457,468,474
20,26,32,60,70,72,77,83,84,95,96,97,126,132,151,171,176,199,212,213,218,233,238,246,249,302,304,306,308,315,320,325,332,345,355,362,365,369,376,385,386,389,391,402,405,430,432,447,448,455,464,490
0,66,109,195,226,238,285,322,325,344,354,363,399,425,454,481
19,38,52,54,63,78,80,98,112,131,146,154,158,164,175,214,239,248,249,251,257,260,282,306,328,344,372,383,389,397,399,409,410,412,441,444,467,469,473,482,486,492
0,58,69,78,95,98,106,119,121,143,158,163,177,191,216,232,248,260,264,267,268,272,273,284,298,313,315,326,330,334,342,398,413,434,438,454,466,479
2,31,40,68,244,404,405,449
18,33,66,89,102,180,184,185,191,201,234,242,247,248,282,283,308,309,317,345,355,383,393,401,405,407,416,437,439,448,451,459,474,495
8,53,63,72,76,94,105,109,121,128,135,139,192,195,200,203,218,228,236,269,286,291,310,315,316,317,321,331,334,354,355,360,391,398,405,417,448,455,465,494
1,19,49,55,60,63,67,77,82,99,102,110,117,133,140,151,157,161,196,198,202,218,220,247,251,254,255,284,338,355,360,380,407,417,426,445,449,456,466,497
17,18,23,48,52,62,81,90,99,106,130,140,145,152,159,182,185,190,192,197,198,201,202,205,226,227,231,237,239,253,257,258,259,261,266,271,272,274,312,331,366,373,379,394,395,401,406,421,431,437,452,454
22,28,61,211
64,72,93,95,96,106,135,157,158,160,166,168,187,201,210,211,213,221,247,251,258,260,275,280,284,285,308,311,316,346,355,367,378,385,390,409,422,436,446,456,457,465,491,492
16,21,43,49,79,84,86,99,102,107,112,123,142,193,210,240,244,336,337,339,383,406,415,433,436,445,481,493
23,47,82,99,185,204,215,216,230,273,296,323,360,372,410,415
1,2,14,28,43,58,69,98,102,111,112,119,132,133,143,149,164,182,192,216,219,220,260,272,273,290,297,305,319,328,347,354,365,385,386,387,398,399,401,408,414,416,420,422,427,441,456,465,468,487,490,497
10,23,48,68,71,156,323,341,436,453
10,15,17,70,81,101,123,130,160,172,181,204,239,251,264,266,268,271,291,316,320,328,338,356,360,378,392,393,439,443,459,475
20,39,87,88,90,98,108,113,125,128,129,132,138,149,172,176,201,208,210,225,228,230,242,262,275,303,305,316,332,333,334,344,345,348,360,362,364,375,385,409,428,438,443,448,449,455,465,478
7,15,38,40,44,54,72,94,171,190,197,202,302,315,403,413,448,470,472,482
0,79,86,105,106,136,145,151,166,185,254,305,340,370,395,455
16,29,31,41,48,68,78,98,111,137,154,163,209,220,247,253,280,286,323,339,348,349,362,388,414,419,485,491
50,65,239,264,268,312,386,443
2,49,82,88,92,98,101,124,153,155,171,176,189,202,229,233,274,276,297,306,307,335,350,358,362,392,414,425,438,449,475,494
1,17,20,43,47,48,77,79,80,94,142,148,149,169,198,204,205,210,217,227,237,262,278,284,288,290,298,314,315,322,352,361,366,404,407,415,417,454,461,472,475,478,481,490
23,38,51,143,204,239,250,258,299,309,320,355,439,443
1,61,85,122,133,166,180,401
3,10,15,32,42,46,68,113,114,118,133,141,144,146,152,173,199,205,227,250,253,259,262,264,268,269,277,285,300,312,317,329,335,339,340,351,368,373,378,389,420,424,445,451,459,462,482,487
19,32,48,70,75,116,120,132,167,168,224,247,250,271,272,293,295,299,301,306,317,328,377,380,399,422,429,493
12,19,45,55,60,66,85,112,171,210,252,275
29,44,54,151
41,56,67,235
1,38,55,84,93,95,101,106,115,130,142,146,159,192,197,199,213,222,291,303,304,310,330,333,335,338,341,349,355,361,374,386,393,408,423,426,437,442,446,456,458,460,491,496
18,38,41,47,51,58,161,427
2,24,28,87,133,169,196,202,282,349,356,379,434,455,465,494
19,28,30,84,101,128,129,132,190,212,214,277,278,288,365,378,440,469,472,481,493,494
2,30,32,67,87,112,115,126,134,135,154,166,167,168,190,196,233,240,246,249,253,264,270,290,292,293,302,307,340,342,350,356,366,370,372,375,386,391,398,409,425,433,435,437,451,453,460,473
1,28,47,82,87,100,112,118,119,137,143,155,175,179,187,190,212,215,256,278,280,302,313,324,345,347,356,357,360,370,379,389,401,403,410,412,413,414,426,432,437,440,449,453,465,468,496,499
1,5,18,34,38,39,40,41,48,63,91,113,124,176,186,192,197,206,230,241,259,270,277,282,287,288,308,325,340,351,359,376,435,469
10,18,43,44,60,98,132,261,424,427
3,10,15,20,30,52,59,63,89,102,125,127,137,140,175,192,201,220,227,234,237,246,260,269,274,297,306,327,334,335,351,374,384,436,448,456,462,469,472,483
26,30,33,43,63,440
49,56,89,90,97,98,107,130,134,149,162,164,166,169,178,183,195,196,211,219,234,236,247,270,273,274,276,277,291,293,294,302,312,313,326,363,380,381,387,390,402,409,412,427,438,456,464,474,479,485,495,498
48,53,62,76,303,387,401,463
17,40,41,110,114,119,120,122,124,125,141,163,164,188,195,203,211,216,221,229,245,252,257,276,278,287,292,294,306,308,319,325,330,336,348,350,355,388,402,404,407,421,425,427,455,456,458,498
12,41,52,71,74,87,92,96,98,103,108,130,142,153,160,168,177,178,191,203,205,212,215,251,266,280,285,295,299,302,324,328,331,332,337,349,356,357,372,374,418,432,465,466,475,489,490,495
1,20,65,68,87,89,94,106,118,128,139,163,176,183,184,191,217,225,230,233,238,245,274,281,287,292,300,302,325,328,333,341,346,348,351,361,377,378,388,393,394,404,405,412,427,437,444,454,475,477,493,494
52,59,91,178,214,303
0,1,16,29,57,73,75,76,84,85,88,139,161,173,179,238,247,256,296,301,379,402,440,454,466,467
17,23,57,62,87,98,131,132,134,146,148,151,155,167,182,189,202,204,216,223,235,241,246,261,264,268,291,310,311,312,343,346,351,356,361,376,378,379,387,390,392,396,407,420,429,433,446,455,474,476,480,498
22,38,46,79,81,85,90,101,114,115,118,122,133,141,142,149,174,176,186,195,208,214,218,224,227,233,234,236,239,241,251,254,255,263,269,280,291,300,302,346,350,371,389,392,403,416,427,445,450,472,473,480
49,57,81,89,92,96,99,124,127,134,156,168,193,198,201,217,221,223,232,234,270,277,288,297,301,309,311,313,322,324,328,356,374,376,387,400,408,415,426,430,445,491
2,5,8,18,77,86,250,264,267,377
0,3,28,62,84,90,114,130,158,186,238,318,354,382,407,434,443,463,480,484
4,10,21,28,51,71,113,139,221,238,267,310,316,330,415,483
26,47,58,63,85,110,131,134,138,139,142,154,158,183,199,240,266,271,273,276,305,330,357,364,402,432,461,470
41,44,51,71,100,109,113,124,127,155,161,164,175,183,199,201,216,220,222,226,233,259,266,268,281,287,304,314,323,352,358,364,370,400,401,412,416,424,433,447,449,451,453,466,467,483,494,497
15,16,20,21,39,41,51,84,90,156,180,195,196,202,292,302,339,376,385,421,476,478
20,41,81,109,112,142,157,187,204,208,235,241,250,296,321,332,350,355,370,373,375,378,381,401,432,439,441,444,449,480,484,486,488,498
3,16,17,22,43,44,54,57,60,62,78,81,84,88,101,103,113,114,121,128,154,162,165,178,213,219,224,237,239,246,248,265,269,278,280,304,314,318,322,331,332,333,366,369,373,385,393,401,404,408,415,419,423,426,468,469,480,486
24,48,49,52,53,90,128,146,149,187,210,239,248,283,285,295,303,306,371,401,402,428,464,468,469,487
15,20,21,76,95,137,142,164,170,182,207,216,222,251,265,281,288,290,326,327,331,333,360,379,439,451,454,457,458,466,470,490
56,62,71,74,89,98,110,113,115,117,124,135,151,153,158,170,175,183,199,202,204,211,212,219,220,224,242,247,253,275,299,300,323,328,334,337,345,350,355,359,360,361,362,380,385,413,428,441,455,460,463,468,469,475,487,499
19,25,32,46,48,52,54,79,111,119,139,163,171,192,196,224,227,236,237,242,252,253,265,267,272,286,287,290,292,299,301,302,323,326,349,360,369,381,403,407,408,420,429,430,459,463,469,470,474,482
12,32,39,40,84,98,127,137,146,148,152,176,181,184,192,202,205,209,212,233,277,289,297,316,337,374,380,385,400,413,414,415,440,443,452,456,466,469,474,494
0,116,149,216,235,242,261,281,290,319,375,390
3,26,47,59,131,147,170,202,204,213,216,267,285,310,346,358,387,399,405,411,418,425,437,440,446,449,457,460
19,44,49,51,59,71,85,122,147,186,195,337,374,411,422,444,447,464
52,81,114,131,146,163,173,179,223,226,230,231,234,241,243,247,249,261,280,286,300,303,310,312,321,326,327,335,347,349,369,377,386,389,391,392,432,450,454,463,483,486
0,21,57,84,161,364,433,453
0,4,14,18,22,32,38,42,47,95,97,120,125,128,142,180,203,242,248,263,291,306,318,341,358,367,377,388,392,400,404,411,420,443,466,474,484,499
15,18,37,48,83,94,101,260
14,15,54,60,102,112,123,135,150,158,166,170,172,191,213,218,219,229,290,295,296,301,318,327,349,370,391,399,412,417,425,443,448,461,472,484,488,497
10,23,43,52,54,68,75,76,97,111,135,139,143,147,151,154,202,213,228,229,235,241,263,306,311,324,345,385,402,414,419,429,446,454,461,493
12,29,57,66,77,93,95,98,101,115,127,129,133,137,139,158,174,175,190,191,202,203,205,214,223,246,258,261,267,271,289,315,326,351,385,397,398,404,413,420,421,443,491,496
15,20,66,83,89,92,98,107,117,126,144,146,147,149,154,158,172,195,209,213,225,226,227,252,257,266,286,297,320,321,323,325,330,332,339,341,343,351,361,386,393,401,413,421,429,438,456,458,469,475,488,489
1,6,7,22,71,75,89,101,113,120,140,144,148,149,158,161,163,169,182,184,196,240,265,278,283,321,323,331,341,343,346,351,353,360,384,387,395,398,407,410,414,417,423,433,438,498
39,67,104,124,131,145,154,165,167,200,252,280,295,303,304,309,310,313,323,350,351,368,447,451,475,480,495,496
0,10,32,48,101,114,118,120,124,137,144,156,167,182,195,207,233,235,238,239,243,245,247,284,324,332,340,352,417,425,456,460,469,480,481,490
21,66,76,85,89,117,127,129,141,148,206,216,245,272,295,303,335,337,345,355,364,383,401,403,414,446,452,474,476,488
3,28,36,44,54,76,83,102,135,176,178,186,193,203,205,208,212,215,220,228,246,248,253,262,263,268,283,286,291,312,320,325,335,346,360,363,365,380,381,388,397,407,408,413,429,438,445,448,455,458,462,463,471,477,488,489
2,8,40,67,83,109,115,117,159,178,180,181,197,198,207,220,236,239,240,246,252,266,267,269,271,273,280,290,291,299,307,309,310,337,347,351,367,376,397,404,422,423,429,434,436,445,447,449,450,460,461,466,477,490,493,499
10,19,28,30,38,44,47,98,171,197,212,363,386,398,403,490
1,8,19,22,65,83,89,106,235,354
29,39,52,56,111,150,159,168,178,179,180,222,240,241,282,296,317,337,399,422,479,494
2,40,62,77,83,90,95,101,116,117,178,245,252,303,376,431
15,57,79,83,109,199,275,390,426,476
19,41,75,114,140,144,186,189,192,206,219,232,238,240,252,259,267,277,294,302,319,334,361,365,377,391,407,410,420,431,447,455,473,476
29,79,90,95,103,113,118,178,187,201,242,263,295,357,373,398,409,484
47,57,74,85,98,99,109,196,234,251,309,327,378,390,486,494
21,57,74,113,118,135,141,142,144,156,158,162,163,185,195,201,206,221,232,241,256,265,266,273,293,308,312,315,318,349,355,356,375,376,377,387,400,411,412,419,422,435,437,465,485,488
29,32,49,56,71,81,84,92,193,224,290,383
4,19,30,43,88,94,105,107,116,137,162,215,244,256,319,328,460,475
4,8,19,20,22,29,41,54,57,67,74,78,88,143,151,152,158,166,168,175,182,198,204,228,234,243,251,265,284,302,346,373,382,391,406,421,427,452,457,495
15,31,48,54,65,66,73,89,113,158,167,174,175,178,193,197,210,214,230,232,244,262,267,276,278,280,303,315,322,333,353,354,357,371,411,430,433,442,448,459,478,484,485,487,489,494
2,29,30,32,75,81,88,90,94,138,173,215,216,223,239,240,253,264,282,285,305,312,326,352,369,386,403,408,421,424,439,455,495,496
26,28,47,51,75,101,111,112,119,129,139,153,154,167,175,187,192,214,215,231,235,237,248,249,255,263,269,279,281,282,283,288,294,297,303,306,329,346,352,355,358,364,366,378,384,388,393,410,411,414,420,429,436,437,465,470,479,492
59,137,143,146,161,166,167,174,175,188,202,217,220,225,232,235,241,242,259,262,266,289,291,292,294,296,314,320,321,334,338,342,345,357,363,382,387,400,404,442,451,458,461,466,469,490,491,496
24,60,76,79,100,103,113,117,131,136,267,477
15,34,57,94,134,178,180,288,292,312,331,351,367,462
1,30,47,85,87,93,94,102,112,113,135,166
16,30,48,49,79,115,126,175,201,308
28,30,66,83,89,118,129,157,159,170,186,213,238,242,324,325,331,390,395,400,403,406,414,422,425,431,453,468,471,484
52,63,71,84,89,94,97,100,109,129,199,241,301,320,325,386,400,405,434,435
18,22,33,34,44,54,64,76,112,132,136,147,159,186,208,220,252,260,298,300,326,347,352,394,401,407,414,474
0,2,17,24,39,66,114,115,117,126,129,150,167,176,181,193,197,210,223,230,236,239,256,285,289,340,347,356,360,390,395,438,449,460
14,29,33,49,59,116,162,194,202,205,215,218,229,233,240,250,264,278,280,297,305,312,337,343,347,349,355,358,363,375,376,384,389,395,405,427,445,450,459,463,465,470,473,484,486,490
8,10,17,21,43,66,71,88,99,103,107,114,136,166,170,195,197,199,200,202,208,209,214,226,233,250,254,256,268,278,285,288,294,299,305,313,319,323,342,352,374,385,393,397,406,416,453,454,456,462,472,491
9,16,39,105,106,112,114,143,150,155,158,162,164,173,178,180,182,186,191,208,213,220,229,231,232,264,271,274,280,296,309,319,326,327,328,341,351,374,391,393,394,398,418,427,438,445,455,466,480,494
29,63,88,103,115,118,153,164,166,171,179,199,208,212,214,228,239,242,249,260,266,271,290,321,322,341,343,371,399,409,412,415,433,436,445,448,473,475,477,489
18,54,57,63,81,89,99,104,114,115,317,363
1,26,28,30,111,123,144,147,166,168,176,193,200,203,206,217,235,239,242,244,281,295,296,322,324,328,338,342,354,358,362,364,375,377,381,383,386,400,401,405,414,418,427,451,452,453,456,458,462,463,475,476,477,485,488,492
41,48,59,69,88,101,112,132,159,172,181,186,190,191,208,221,232,251,260,271,288,294,297,303,314,321,329,344,347,359,360,364,374,382,387,406,418,430,450,457,472,476
0,1,21,39,49,66,103,132,154,159,167,171,184,210,221,229,233,237,239,240,244,259,278,282,284,294,300,318,321,322,326,329,332,340,342,346,349,352,358,363,364,387,389,390,397,410,416,418,442,447,469,478
4,36,38,62,84,101,135,148,160,161,177,178,185,219,223,226,261,262,268,272,282,286,287,298,304,305,321,323,334,338,347,349,353,371,372,376,386,426,445,450,454,474,496,498
43,60,75,94,98,112,114,116,135,152,159,185,187,199,295,304,307,380,394,419,425,431,439,468
6,62,76,88,95,147,177,182,183,184,198,211,225,257,266,285,312,326,342,357,361,364,422,424,432,455
4,19,30,32,55,90,96,117,129,174,186,196,215,225,227,249,257,297,301,318,333,349,358,381,399,455,492,496
29,48,51,97,141,160,166,178,189,193,197,203,226,241,250,253,265,267,277,280,315,316,319,324,332,333,346,347,354,376,382,384,387,388,393,401,402,407,411,413,414,415,428,436,440,490
12,14,29,32,39,43,44,51,92,94,101,111,113,114,115,129,132,133,147,176,188,203,205,222,233,235,247,248,249,261,274,279,284,291,305,306,316,334,357,369,375,408,435,459,467,494
8,17,24,49,71,120,123,141,143,151,152,154,164,191,199,204,210,212,223,224,250,254,270,279,308,318,338,387,395,401,402,406,417,420,467,471,492,493
51,56,84,153,157,195,206,216,257,274,416,465,473,474
30,48,72,87,95,108,115,136,153,166,168,183,185,189,191,194,204,206,208,213,218,227,244,247,253,263,265,266,277,291,310,332,343,349,355,384,386,395,409,411,415,443,457,464,473,486
14,28,81,98,129,131,145,147,166,170,188,192,196,215,219,220,225,241,249,250,254,261,278,289,290,293,328,366,375,385,386,387,394,403,411,414,415,418,420,424,435,441,442,484,488,499
1,15,44,60,83,85,102,107,115,129,178,185,218,229,231,234,239,261,277,297,304,308,318,333,346,349,375,394,400,408,415,422,432,446,466,498
9,38,43,54,81,83,95,100,147,148,159,167,168,170,199,215,216,255,260,274,275,284,296,338,342,350,371,383,395,419,435,439,442,462
29,98,116,166,176,180,190,197,199,214,217,222,251,254,259,296,299,303,305,312,326,334,335,339,341,343,368,379,382,384,386,388,398,425,432,438,441,442,447,455,459,467,473,475,477,482,484,496
5,21,23,51,59,65,75,81,111,132,136,139,146,148,150,157,161,162,165,192,196,237,265,287,302,371,379,397,404,412,418,448,450,465,482,483,486,495
25,26,33,67,75,88,116,117,133,135,136,144,152,164,173,190,191,193,194,201,205,208,209,217,218,221,224,242,243,246,249,255,265,267,272,278,281,282,295,309,335,344,345,351,367,368,371,374,395,396,400,412,413,432,444,445,446,447,454,457,461,481,488,498
10,30,51,67,75,84,90,123,132,150,161,164,169,191,202,205,224,293,311,312,327,346,366,367,416,428,434,449,463,471
7,18,22,30,63,73,81,115,168,173,179,185,189,207,208,227,230,274,298,315,328,336,362,368,379,387,392,395,410,428,447,457,482,490
31,100,101,105,111,141,146,162,164,275,281,342,385,445,487,495
41,58,62,68,102,121,148,152,182,195,196,207,223,227,234,247,248,303,305,346,382,387,396,400,420,468,495,496
16,23,32,56,57,111,114,151,173,174,182,200,202,204,220,222,240,241,245,249,262,266,276,304,311,320,321,353,354,358,400,402,418,429,430,474,484,485
8,66,87,107,134,147,167,169,172,189,214,260,270,313,325,326,336,344,384,390,445,462,470,487,491,496
18,89,113,133,136,156,172,192,202,209,211,260,268,328,333,337,363,386,401,405,413,419,436,438,458,460,468,469,482,490
32,43,76,79,95,101,113,132,133,135,136,140,193,200,201,208,210,226,238,245,250,270,284,296,301,313,318,329,332,357,358,371,372,376,383,391,409,413,416,423,452,453,481,493
28,41,57,62,77,85,89,103,119,144,150,158,165,253,254,274,304,327,343,365,375,384,465,495
1,6,16,17,44,84,153,155,194,292,310,335,371,402,450,453
28,29,81,84,86,98,119,120,123,124,127,133,138,147,153,157,163,188,191,199,205,226,237,254,261,284,296,307,309,319,332,351,366,380,390,402,413,444,449,458,463,467
1,17,76,87,107,123,148,169,182,184,186,195,199,200,203,205,229,244,245,247,258,263,270,272,273,282,285,322,339,342,353,359,362,368,377,383,398,402,406,410,412,427,431,439,441,447,449,451,481,485,487,499
30,46,65,96,109,120,123,138,147,165,190,196,197,198,205,207,212,213,214,218,232,244,246,254,257,259,264,271,276,281,282,286,288,292,298,307,309,323,348,350,351,353,362,363,382,384,408,413,417,422,424,430,442,454,458,461,462,469,482,489
0,40,56,103,120,144,151,187,190,204,220,221,239,243,248,254,290,305,318,340,342,345,353,355,374,376,390,420,421,423,424,434,438,444,451,453,461,465,467,470,472,481,488,491
28,30,39,49,54,88,100,115,117,132,147,155,171,172,179,273,290,302,306,446
23,39,81,85,94,95,101,155,161,190,194,195,209,224,228,229,230,231,232,238,240,241,243,247,255,259,267,277,284,306,310,316,317,325,329,345,353,370,378,379,382,383,390,393,403,406,416,429,445,450,459,478,484,487,489,494
19,31,46,85,103,115,152,155,179,189,194,201,210,213,221,226,235,241,244,261,264,267,278,283,293,295,296,302,303,307,308,325,327,331,350,356,359,371,372,378,385,386,392,413,416,419,431,432,438,441,456,463,470,472,476,479,485,497
22,32,39,40,46,49,53,59,129,153,154,161,163,169,192,209,218,231,236,262,296,303,305,317,379,382,405,419,431,435,442,452,458,460,461,463,473,493,496,497
12,18,22,77,89,92,106,119,126,141,143,147,151,156,179,188,215,238,257,271,325,356,360,363,364,367,371,377,457,461,463,499
33,38,51,76,97,99,127,135,154,181,189,194,197,199,200,205,207,211,216,225,228,239,243,258,262,275,280,281,284,286,290,292,302,304,313,326,338,342,349,350,354,378,394,416,428,434,435,447,455,473,494,495
22,83,136,158,162,178,186,194,198,200,236,257,266,268,373,390,400,444,449,452,456,476,484,493
0,12,30,62,88,126,157,161,169,173,184,187,267,273,293,389,390,416,472,487
18,19,39,49,58,74,75,76,113,151,165,167,180,181,183,209,215,225,226,233,238,245,251,253,262,270,274,292,308,309,312,322,330,341,344,349,351,352,353,365,366,371,372,387,391,392,396,404,409,426,442,450,452,456,471,477,485,489,490,498
5,15,20,21,23,33,44,46,84,85,111,113,147,151,159,161,167,168,178,200,209,211,218,221,231,235,239,244,265,280,309,312,315,324,348,349,354,356,358,359,362,366,368,370,376,388,390,408,415,417,421,422,424,430,431,440,441,442,443,445,460,461,462,469,471,478,488,489
21,28,30,47,49,54,71,77,79,102,103,126,135,162,166,174,185,218,220,263,268,283,313,320,347,355,367,368,406,410,421,431,444,457,462,468,471,498
52,90,119,130,133,144,150,157,167,175,210,220,222,231,233,234,244,250,261,262,264,277,281,282,283,302,307,308,310,315,323,339,345,348,351,356,373,384,385,387,400,419,425,430,431,432,451,484
17,18,30,40,145,161,167,177,183,184,187,188,196,202,211,214,233,238,240,245,249,255,261,262,289,317,329,336,340,356,365,368,374,406,408,409,413,414,422,433,447,452,475,489
1,3,20,28,42,47,81,83,89,96,106,114,117,129,146,160,171,179,183,196,201,205,212,219,242,249,253,277,286,312,314,316,324,328,334,338,344,366,385,389,395,398,401,422,425,435,440,441,443,446,453,454,463,465,467,468,473,477,489,490
10,26,48,73,75,81,96,102,115,128,156,162,166,171,180,194,195,198,200,212,229,230,279,287,296,316,324,325,371,376,392,404,406,410,424,441
5,17,32,49,58,71,77,120,121,133,144,146,157,165,180,187,250,260,271,282,307,314,330,367,391,430,444,465
23,48,49,63,90,120,132,155,180,188,196,200,218,241,261,300,303,319,330,364,383,394,405,410,436,466,485,490
41,66,71,94,95,101,125,142,146,148,154,159,164,165,178,179,187,208,224,228,232,237,240,242,244,259,323,335,351,380,409,415,427,445,449,455,484,498
0,7,14,16,47,116,146,150,172,175,179,187,188,191,196,198,232,255,305,308,321,384,460,469,484,498
26,46,49,51,57,79,90,95,127,129,140,167,175,184,195,202,227,259,266,297,298,299,321,324,327,330,336,356,363,369,375,379,383,392,408,414,422,440,462,470,478,487,489,491,493,494,495,499
1,23,32,48,49,58,62,73,88,96,101,103,105,112,113,136,145,146,168,172,174,194,201,204,207,216,220,221,235,236,247,254,261,277,280,284,291,292,313,315,328,340,355,371,375,378,387,388,407,410,411,418,420,430,439,441,443,454,462,467,473,482,492,498
31,47,83,84,109,113,119,150,157,158,179,476
13,30,53,56,63,64,88,97,101,105,132,159,161,172,181,202,205,210,240,272,288,292,307,310,344,349,351,355,357,370,376,397,399,403,428,432,434,452,462,488
15,32,49,63,66,84,103,113,119,145,158,167,168,178,179,180,187,195,204,214,218,242,251,259,267,270,292,328,340,365,367,372,408,412,416,445,446,451,453,457,462,469,478,489
15,77,118,126,129,150,160,161,213,227,228,277,293,298,300,319,324,357,374,390,394,401,430,439,452,463,481,499
100,117,120,169,171,180,187,202,215,217,228,235,367,387,398,399,428,433,454,462,464,472
25,57,89,97,119,143,146,147,148,151,161,167,169,175,199,241,255,326,355,364,374,451
9,16,38,60,103,114,146,167,174,183,185,190,191,230,233,236,237,240,244,265,267,271,281,285,289,293,304,310,315,327,366,371,376,382,384,405,410,413,418,420,424,433,451,471,472,474,496,499
2,22,51,52,57,63,68,99,133,144,152,159,175,184,193,204,212,217,231,233,238,241,242,246,248,257,260,265,269,272,277,284,289,292,317,320,322,326,332,334,338,346,366,371,374,379,384,395,401,409,415,425,434,437,438,448,453,455,457,459,465,469,478,481,483,492
21,28,50,51,81,83,101,155,174,187,191,194,229,234,240,247,260,261,278,286,296,300,302,309,313,319,321,327,336,342,344,353,355,370,376,384,411,416,422,428,451,456,460,474,482,485,493,496
8,20,41,74,76,84,101,103,119,121,148,159,180,195,196,210,214,243,246,253,256,268,276,283,293,315,317,342,344,353,354,355,356,375,378,387,388,399,404,411,414,428,452,465,471,479,482,483,484,490
38,41,51,71,98,105,111,112,114,141,147,161,180,184,206,216,218,228,246,252,257,269,308,316,342,343,346,348,357,370,375,378,411,414,418,429,433,434,442,449,472,475,480,493
33,43,74,86,89,113,133,135,146,148,165,173,180,194,205,212,230,231,234,247,253,256,261,263,270,294,298,319,329,348,354,363,388,397,405,407,443,448,449,452,470,477,484,488
8,53,76,84,119,131,134,135,145,156,162,164,186,190,207,222,223,232,233,239,254,266,280,293,297,298,321,323,333,336,340,356,359,366,369,382,385,393,399,403,404,421,425,432,438,451,454,472,477,491
3,16,22,23,38,44,53,54,83,88,95,100,104,105,118,134,160,164,187,202,213,227,241,243,252,260,263,314,318,319,325,330,331,334,335,339,343,349,355,365,366,367,368,374,380,384,389,390,392,394,398,401,402,405,406,423,443,448,453,459,464,483,484,487
3,7,10,11,16,29,34,37,63,85,90,136,150,165,167,207,210,227,236,254,282,285,292,375,386,388,405,427,465,484
0,2,41,47,48,89,111,145,161,163,167,180,185,191,192,198,205,213,224,238,242,255,277,285,312,348,370,371,385,405,408,417,453,457,488,489,490,491
17,30,54,81,98,101,111,126,153,162,195,224,231,232,241,244,256,260,266,290,293,300,303,311,313,327,331,337,339,340,341,344,352,359,360,361,369,371,391,392,394,397,417,422,430,443,450,451,461,465,470,472,486,491,492,493
23,48,54,60,79,95,101,119,120,136,143,147,162,172,181,192,193,202,222,224,226,228,235,244,249,257,267,270,289,293,300,307,315,329,330,343,373,377,384,386,388,392,410,424,432,435,439,443,444,447,449,454,460,469,474,486
19,51,83,90,93,129,151,152,167,181,184,191,202,240,253,267,275,279,397,411
15,18,19,71,95,100,123,158,165,172,193,215,220,287,347,364,365,372,382,393,396,433
2,10,19,88,90,107,113,134,144,153,159,171,215,224,234,240,242,245,248,264,278,308,322,325,333,343,347,358,362,363,366,369,379,385,389,390,391,392,394,396,409,418,422,437,448,459,461,476,479,488
21,37,67,89,98,101,102,130,159,167,168,183,199,218,219,220,223,225,236,237,243,292,293,295,312,344,350,357,386,390,394,399,401,408,413,416,419,431,438,439,446,448,455,463,466,469,478,496
57,85,114,136,155,156,162,187,190,224,234,242,257,259,304,305,317,327,333,366,402,408,423,450,451,472
2,42,49,95,107,114,146,153,157,175,178,184,190,220,232,233,248,250,254,257,262,263,278,282,294,304,306,310,314,315,322,324,325,327,340,349,352,368,369,373,399,405,410,418,444,460,464,465,469,477,478,492
1,4,38,39,49,63,66,79,89,102,114,156,161,169,171,201,206,216,217,228,254,260,265,275,276,277,290,292,309,317,339,341,349,351,362,379,397,421,422,437,441,448,454,457,475,477,489,494
4,10,17,47,57,112,119,132,148,183,187,199,206,207,213,220,227,245,250,411,430,491
0,1,20,21,62,83,111,112,145,147,152,163,179,183,196,211,245,254,256,259,262,265,266,271,277,284,286,291,294,315,329,330,333,337,342,349,353,355,362,363,366,388,389,391,395,407,410,412,420,440,454,458,460,476,482,484,486,497,498,499
26,53,57,77,85,107,133,144,169,183,196,209,214,238,241,243,249,264,308,317,332,370,375,404,437,441,465,471,491,495
49,107,135,147,163,183,185,191,193,210,214,219,246,247,251,253,254,262,264,265,268,270,290,299,323,337,364,373,384,395,413,417,418,443,448,453,485,491
17,22,44,90,126,129,133,136,147,151,180,183,199,200,215,219,226,236,240,279,283,306,332,345,346,351,372,373,388,403,406,411,413,416,428,430,432,437,441,459,461,463,480,482,487,499
32,41,62,75,85,89,95,103,117,145,146,152,158,190,193,194,209,210,215,226,246,278,318,370,438,491
16,18,38,46,79,81,89,90,107,128,132,163,171,193,211,214,223,225,243,254,262,272,275,290,312,313,358,361,390,393,415,460,464,471,473,474
14,70,88,97,104,112,117,122,135,136,150,158,184,191,202,207,220,293,298,340,360,364,365,367,388,413,443,482
0,47,81,89,102,120,144,185,188,202,209,217,224,232,239,254,264,276,287,288,301,305,309,326,327,331,332,333,340,344,352,354,362,369,375,381,386,414,417,419,426,452,461,464,468,471,477,492
15,17,21,49,63,79,98,102,135,152,166,178,199,209,224,243,260,261,265,266,267,277,278,280,285,292,293,294,307,323,333,336,387,398,399,414,415,432,447,451,469,490
10,32,40,41,42,85,87,92,93,117,126,141,175,183,186,190,194,210,218,230,279,289,345,371,416,432
32,33,38,43,49,56,61,64,89,98,99,117,120,134,144,148,150,152,163,181,187,191,215,236,242,243,256,258,265,269,273,275,278,298,301,305,309,310,318,344,347,351,352,357,369,375,385,386,387,393,399,404,405,408,412,415,420,421,428,438,441,463,471,472,473,477,480,481,489,498
17,52,75,94,115,120,123,126,134,145,152,172,183,194,199,204,209,211,221,223,232,252,268,382,425,450,456,486
15,29,30,77,88,89,97,107,112,123,129,136,142,157,162,172,183,184,198,208,210,216,219,230,273,274,282,285,296,297,302,304,312,315,325,332,334,338,340,341,345,348,351,370,372,374,375,377,382,385,402,411,413,427,438,439,448,462,468,481,487,492
8,16,39,46,57,101,102,104,109,127,136,141,148,150,167,195,199,205,210,218,223,225,239,255,262,263,275,328,346,355,357,431,440,467,468,469,478,485,493,494
32,107,117,132,167,181,183,187,212,216,224,230,234,237,239,266,326,348,353,387,389,401,403,413,420,436
45,52,131,133,150,152,161,179,180,184,191,193,199,209,219,220,261,263,264,272,277,299,302,304,311,318,321,324,328,333,337,358,378,384,391,407,410,413,415,433,453,464,473,479,492,495
0,17,83,85,117,118,124,172,175,179,190,194,223,228,229,259,260,266,270,320,327,364,406,453,463,478,490,494
1,8,10,39,40,41,75,79,88,98,113,119,120,167,180,210,212,213,231,233,256,274,324,425,456,488
21,26,34,46,48,51,60,67,81,87,101,107,117,158,161,171,179,183,202,211,214,231,267,269,276,283,284,286,291,294,296,307,313,316,317,326,329,330,331,337,354,359,367,371,376,385,391,392,396,409,412,415,424,432,450,461,464,465,469,470,480,491,495,499
43,44,46,98,99,109,119,135,158,171,181,210,223,226,253,259,264,273,275,278,279,283,285,291,293,297,304,319,325,334,336,338,345,346,347,350,364,366,367,379,384,387,392,394,410,411,412,413,421,422,423,439,441,443,462,481,482,489
29,30,41,43,75,107,135,148,156,158,162,167,172,194,195,220,230,256,258,274,275,280,305,306,318,323,329,339,341,348,349,351,380,398,402,409,414,417,422,425,439,449,450,451,475,479,496,498
3,15,38,64,66,67,91,97,145,146,157,159,162,175,193,197,226,228,278,315,378,397,401,406,448,449,474,477,485,491
30,43,48,51,56,84,89,100,128,132,151,165,190,205,231,258,265,268,276,277,278,279,302,323,330,339,342,368,374,391,394,395,403,404,405,407,409,415,426,428,433,435,440,450,459,466,471,494
14,68,83,102,114,116,120,124,126,143,213,216,240,258,276,293,294,309,316,333,353,357,359,377,403,432,437,474,485,496
8,10,39,49,60,66,75,101,102,119,134,157,161,176,190,195,212,214,221,231,248,255,262,264,271,273,280,282,284,285,294,295,302,316,317,325,335,339,341,350,362,370,373,374,375,380,382,387,388,391,407,409,411,414,423,424,429,430,432,447,453,462,474,476,486,488,490,491,494,496
4,20,48,59,89,146,159,162,165,176,178,180,181,202,215,217,226,227,229,231,234,236,255,258,260,270,273,274,280,281,283,288,301,304,306,325,331,334,343,354,372,375,376,378,383,389,390,399,405,411,413,424,433,436,440,442,447,448,458,461,466,469,476,479,496,499
4,21,48,89,135,164,167,183,194,200,208,218,242,253,254,270,320,340,360,374,392,399,407,410,444,467,486,499
20,36,39,76,87,129,131,144,146,212,214,219,229,239,246,249,259,291,294,295,297,310,317,318,340,357,368,395,401,404,407,409,417,420,423,430,442,443,449,450,452,455,475,480,481,485,488,490,494,498
0,2,19,26,43,49,83,114,155,156,160,180,186,188,210,213,220,225,226,310,454,459
4,21,30,49,51,64,113,179,187,239,249,251,252,254,259,286,310,323,328,353,376,380,384,387,396,409,420,423,428,430,443,490
39,49,66,77,95,126,136,152,165,180,183,199,201,205,225,229,245,248,256,258,264,267,278,286,302,309,323,325,334,343,348,377,391,401,411,418,427,437,439,453,454,466,467,471,481,482,490,497
8,43,44,51,54,79,110,143,148,151,164,173,174,197,210,211,216,219,227,237,245,254,261,264,277,281,286,292,293,298,319,322,335,341,347,361,367,373,382,387,388,406,407,411,419,428,433,437,441,452,458,465,477,478,489,495
0,30,49,78,88,104,107,113,153,158,162,163,178,184,193,194,198,202,211,214,237,244,260,262,269,270,273,274,280,288,295,311,318,321,322,341,342,351,358,359,361,362,369,386,387,389,391,407,409,412,416,418,419,420,427,431,433,441,442,447,450,453,455,464,473,475,479,481,483,490,491,496
18,20,21,57,63,66,119,133,136,153,172,185,187,190,193,194,226,229,231,234,242,253,261,272,283,285,307,316,332,340,345,346,353,365,368,377,380,392,393,398,404,406,416,439,441,443,447,449,470,490,491,497
21,89,109,112,119,127,135,161,179,192,214,216,226,242,244,277,284,300,312,363,388,433,440,443,460,467
21,28,44,56,61,66,75,88,91,134,145,147,180,184,193,223,230,231,236,244,248,253,259,260,266,268,269,281,282,289,291,293,294,303,307,308,314,321,323,327,336,363,376,385,394,402,403,407,414,437,443,449,458,471,492,497
98,100,102,115,129,132,157,161,166,167,191,209,210,227,229,231,237,239,251,281,291,324,332,339,352,386,425,427,431,438,439,441,444,456,457,460,464,465,487,493
18,20,39,49,56,84,94,95,114,120,129,136,148,155,161,172,188,201,215,219,229,237,243,245,264,319,325,436,460,489
0,20,21,44,91,93,102,105,113,120,126,133,137,157,167,183,184,189,205,209,220,221,237,247,259,272,273,280,282,302,304,310,319,327,331,346,358,360,361,368,369,376,379,381,384,387,394,405,407,409,411,414,426,428,429,440,450,451,457,469,479,485
3,39,44,56,61,66,88,95,119,146,153,174,188,192,212,231,240,251,264,275,282,285,297,299,302,311,324,325,326,331,350,351,353,355,358,363,376,383,390,399,400,401,402,407,412,415,418,422,423,439,441,454,457,458,461,472,475,476,477,478,492,498
39,47,66,79,89,98,120,135,210,213,239,247,261,264,272,276,278,280,285,286,288,289,296,298,305,307,324,325,328,329,335,344,346,347,348,352,357,364,401,404,417,421,434,440,441,443,455,459,460,465,468,475,479,483,496,499
39,75,77,81,90,159,173,175,179,190,205,214,220,231,245,254,255,261,271,276,278,310,311,317,320,329,330,337,345,364,373,383,393,414,430,454,466,468
2,30,37,49,56,67,94,113,120,147,148,151,180,186,197,209,229,253,270,294,295,301,303,317,327,328,339,355,357,363,378,379,380,389,392,394,400,416,418,428,438,448,453,465,467,475,486,488,495,499
44,49,54,67,102,118,153,167,179,204,210,234,244,262,267,269,277,278,280,283,287,288,289,305,324,335,341,347,348,350,352,369,373,377,385,386,391,394,398,407,410,413,418,425,442,444,446,465,481,489,490,493
10,44,53,54,81,94,120,129,179,182,189,239,241,248,253,254,261,267,279,280,281,300,302,308,311,312,314,316,318,329,331,336,337,339,347,348,357,365,367,374,378,384,394,395,398,401,402,406,408,416,421,426,431,437,438,447,450,451,452,465,473,475,478,484,486,489,494,499
7,16,39,49,62,79,81,85,147,158,160,164,169,176,190,241,246,249,254,261,275,283,291,293,305,318,323,327,335,337,338,343,345,353,355,360,365,367,369,372,375,376,382,392,394,403,404,410,411,418,422,428,436,453,458,465,466,469,474,493,498,499
2,29,40,51,57,68,101,125,164,170,187,221,227,234,239,242,248,249,268,274,292,306,364,396,411,422,451,464
1,3,37,62,81,83,94,133,172,180,212,227,236,247,251,252,269,270,277,304,316,325,329,332,336,337,350,362,369,371,375,388,405,425,435,436,449,463,472,484,485,492
21,32,66,74,77,81,90,103,126,157,161,163,183,193,195,202,206,210,218,227,229,237,244,251,260,263,272,276,288,301,302,307,310,318,325,333,336,337,342,351,357,361,366,367,369,371,380,392,393,395,397,401,406,409,411,412,414,415,417,420,423,425,429,433,434,441,443,454,456,463,464,465,466,469,471,478,493,496
63,74,76,83,98,115,133,145,146,152,162,167,184,211,223,226,233,237,239,248,250,251,259,269,270,272,333,365,384,394,420,422,438,441
135,158,159,196,221,232,238,248,251,273,286,287,291,293,296,300,304,305,310,319,322,323,325,331,332,333,342,345,350,352,355,357,360,363,364,371,372,375,376,380,388,399,400,403,410,422,429,434,435,440,453,458,465,467,475,485
5,33,38,51,60,76,84,89,98,107,116,120,133,145,147,157,187,191,202,215,237,249,253,254,261,267,269,272,273,288,294,295,323,324,332,335,337,340,344,348,355,360,369,373,374,387,393,407,410,424,430,431,461,466,470,471,472,475,477,478
1,10,28,38,85,95,100,104,135,150,167,170,180,187,193,209,254,260,264,265,273,282,283,286,287,288,297,299,305,309,320,323,325,331,336,350,353,356,363,376,377,379,383,384,385,387,391,400,409,410,412,419,433,435,437,438,439,447,452,460,462,463,465,467,469,486,497,498
1,12,13,22,33,43,46,73,77,123,134,135,152,153,167,179,180,193,197,217,226,241,253,264,267,268,281,301,314,340,358,364,367,372,385,389,441,469
46,99,115,119,135,184,192,193,212,232,247,248,254,262,272,274,281,296,297,299,304,308,316,321,329,333,335,350,351,352,353,367,368,374,384,391,404,408,414,420,423,426,427,428,430,434,441,443,453,454,455,458,459,460,462,467,471,474,482,483,486,492
5,17,38,40,44,48,51,63,117,132,152,158,164,175,178,183,187,202,210,229,247,253,263,290,291,292,303,308,310,316,322,330,335,337,344,347,351,354,355,358,361,365,370,373,375,379,387,397,399,405,409,410,413,428,439,453,454,456,462,466,468,479,481,484,488,489,496,497
15,33,42,51,66,84,99,105,134,144,146,155,179,209,217,218,237,241,248,253,262,268,269,286,318,347,349,354,357,360,405,407,412,418,420,425,438,443,448,451,453,473
24,36,39,47,60,102,107,114,119,153,180,187,195,211,229,247,258,259,260,269,279,281,285,304,308,313,324,332,335,342,348,354,355,360,372,376,383,385,395,398,406,409,414,415,421,431,432,458,480,497
16,38,77,83,85,95,102,153,166,196,222,236,272,279,281,288,292,323,326,330,335,336,340,349,357,370,374,380,391,392,395,401,409,418,419,420,426,441,449,456,458,465,467,496
6,18,63,74,77,90,100,135,138,146,151,180,204,236,254,261,269,272,277,280,281,287,299,304,310,473,476,489
10,26,29,103,113,136,144,162,194,209,210,220,238,264,269,272,294,298,299,333,338,356,360,363,365,377,381,395,396,397,415,428,460,476,488,497
0,54,63,75,100,102,104,111,120,130,148,162,181,182,187,219,227,231,234,284,295,299,302,303,304,305,311,312,319,323,325,326,329,339,340,341,351,354,377,389,406,410,418,428,438,447,457,458,464,466,467,468,483,492,494,498
10,31,47,56,71,81,88,89,109,119,120,136,158,161,202,229,247,248,256,264,265,274,279,284,300,301,302,306,308,310,317,319,324,328,335,340,347,350,351,367,370,378,380,389,394,404,407,410,427,437,443,444,451,452,456,459,465,469,477,478,479,490,492,494,495,498
19,40,75,83,85,96,102,136,138,177,180,187,190,202,204,205,210,217,224,227,237,260,275,284,287,294,300,303,311,334,335,346,351,358,361,363,364,369,372,373,375,378,381,383,390,394,396,405,408,411,415,423,426,433,445,461,462,463,464,472,483,489,491,493,494,495
16,29,67,75,81,129,162,168,184,189,206,209,212,215,219,220,224,235,237,248,252,260,264,274,279,295,298,305,307,313,317,319,322,325,329,331,332,333,334,339,342,343,349,359,360,362,363,365,367,371,375,379,392,394,395,397,407,408,413,414,415,417,435,438,445,449,451,464,467,472,489,496
81,83,126,135,136,146,151,152,214,226,229,237,247,252,253,256,264,271,280,289,292,310,326,328,329,336,337,339,343,344,351,383,384,387,396,398,399,400,408,415,420,429,441,447,451,456,470,473,482,483
26,37,40,67,84,99,111,116,118,127,150,154,167,184,224,253,256,261,271,280,290,293,310,346,353,354,364,366,381,413,425,426,449,478
23,53,87,97,111,123,136,147,150,164,165,175,178,184,185,196,211,241,247,269,279,283,306,311,315,321,333,337,340,341,342,346,347,360,376,380,381,386,397,412,415,419,426,432,434,435,436,443,446,449,459,465,466,470,473,478,479,484,485,489,492,493,494,499
32,54,62,79,90,103,114,135,145,151,156,163,201,215,241,248,256,268,281,283,300,301,309,320,321,324,325,326,330,332,348,359,363,385,391,392,394,395,396,399,407,408,410,411,420,421,430,433,446,453,462,467,471,474,475,481,489,490
22,44,63,143,153,169,180,201,206,214,215,235,239,260,269,289,293,314,327,338,388,422,437,472
8,18,64,67,84,101,102,120,146,165,201,231,244,268,281,283,288,289,290,306,326,328,331,344,352,357,362,370,372,375,377,383,385,396,406,422,424,428,439,443,481,499
32,66,85,89,101,107,143,152,198,206,211,219,220,263,273,279,291,292,297,345,364,369,393,414,422,440,447,463,468,470,486,496
0,21,32,67,87,90,102,111,142,156,175,236,239,254,271,277,282,291,297,316,319,327,328,329,330,339,341,346,347,350,364,366,373,374,380,389,394,397,401,404,411,412,413,417,418,419,423,429,430,431,441,444,458,462,463,466,470,476,478,479,483,487,488,490,495,498
12,41,58,75,76,81,84,85,89,96,102,126,132,166,182,184,187,193,211,241,244,251,253,259,267,268,273,277,290,291,306,311,318,322,334,340,348,355,358,371,380,388,389,395,396,411,415,443,445,447,448,451,460,462,476,477,481,484,493,494
2,7,19,29,57,71,82,86,99,107,116,118,124,133,135,151,165,171,184,185,198,219,264,271,284,290,292,309,317,326,347,386,388,394,403,426,443,451,456,471,480,497
28,32,38,41,71,95,98,116,153,154,163,172,176,187,209,225,226,241,244,248,254,267,276,279,283,286,288,290,310,325,349,352,355,359,366,370,371,373,375,378,384,387,389,406,424,425,430,444,445,449,454,455,457,475,479,483,491,498
0,16,54,57,59,94,134,145,146,153,158,165,171,181,185,200,225,236,239,249,269,272,274,279,281,290,293,311,313,316,317,320,323,333,334,339,344,346,351,353,356,359,361,363,365,366,367,368,371,379,384,388,397,416,418,422,431,432,438,446,447,449,453,459,463,464,466,467,469,476,483,485,486,492,493,494
3,13,26,29,41,43,62,67,79,83,99,109,112,135,158,182,183,226,232,249,254,275,291,296,299,302,332,352,353,367,370,386,401,436,451,460,463,474,484,494
62,75,120,154,178,180,184,193,197,204,220,237,247,262,264,269,277,293,323,329,356,364,392,406,434,452,480,498
15,17,19,41,46,51,77,83,129,140,159,163,184,190,193,200,213,223,230,264,273,283,284,286,291,309,312,319,324,331,339,340,348,350,372,404,406,407,408,411,428,429,435,438,439,446,456,463,471,497
35,46,64,90,116,120,128,147,167,178,180,190,191,211,227,236,239,252,259,281,297,303,308,310,312,334,338,351,353,382,393,397,401,404,408,432,433,440,446,454,460,462,471,474,485,488
13,14,47,71,88,93,105,107,116,120,161,177,183,193,204,209,226,239,256,257,258,267,270,277,279,284,288,291,294,295,304,309,318,325,332,333,337,339,347,350,352,360,367,368,369,377,380,383,384,397,403,404,406,415,430,445,450,457,470,471,479,480,487,497
16,24,51,88,90,112,168,172,219,244,261,268,270,273,290,292,296,302,305,321,326,349,361,377,381,390,393,410,421,450,460,499
30,49,61,66,81,88,107,119,129,134,138,145,155,165,168,190,191,195,218,224,234,241,263,273,290,308,309,347,354,409
32,44,76,81,90,116,146,173,175,187,192,202,211,219,234,247,286,293,305,317,319,323,324,326,327,332,333,334,339,343,360,372,376,382,390,392,397,400,401,402,403,407,408,409,415,416,425,432,442,443,444,445,449,451,455,458,463,467,474,481,482,483,485,488,489,496
23,63,95,98,136,151,195,197,216,226,264,273,282,298,325,346,357,377,385,424,443,461
41,44,47,58,63,113,129,133,157,169,191,193,202,209,212,220,226,229,241,250,296,316,318,330,332,333,338,339,347,349,352,353,360,361,363,368,376,379,381,387,389,390,394,402,403,407,408,414,422,423,425,426,430,433,434,437,443,446,450,451,453,456,470,475,480,488,493,494,495,497
6,47,51,56,57,93,103,157,158,183,195,196,213,247,252,253,262,273,276,283,284,301,305,315,330,336,339,344,348,379,404,406,410,452,456,471,493,494
0,3,7,24,46,47,66,67,123,149,183,185,194,210,212,225,227,230,247,253,256,270,271,291,293,303,305,313,328,345,361,369,374,393,405,416,450,493
0,1,7,26,29,92,98,109,111,129,152,156,159,163,175,181,216,233,239,244,249,256,261,273,274,277,285,302,310,315,324,326,329,330,335,340,346,353,358,371,375,377,383,387,389,399,404,405,408,410,414,415,417,420,422,449,475,482,486,496,498,499
3,7,18,29,54,83,104,126,131,146,147,157,178,198,206,211,214,216,248,260,266,267,279,290,291,293,301,308,313,328,333,348,386,387,409,414,421,444,446,448,454,456,458,465,482,485
3,21,41,56,64,114,119,136,142,172,192,210,245,255,270,281,297,305,321,323,325,330,332,347,350,351,367,371,373,395,396,397,399,415,418,421,425,439,446,447,450,460,464,489,493,495
0,18,21,26,47,97,107,114,115,136,148,151,152,153,172,200,201,211,215,244,261,264,283,296,297,311,320,322,323,324,333,334,338,340,341,343,349,351,355,357,358,364,370,371,372,374,375,376,379,383,390,391,396,398,399,400,402,407,413,425,428,431,435,436,443,449,450,456,457,464,465,482,484,488,490,492
1,2,15,16,22,42,63,90,98,133,148,150,152,179,190,210,223,226,260,261,279,284,293,302,321,335,336,338,343,346,348,350,371,377,390,397,411,441,449,455,456,463,471,473,482,488
10,32,33,53,55,60,95,101,102,114,115,116,146,153,180,193,199,215,231,237,249,251,258,259,264,274,279,280,281,287,290,305,307,313,320,321,328,336,340,342,343,350,353,369,370,371,378,385,388,392,396,398,399,404,407,416,417,424,432,448,475,486,494,496
1,15,76,84,90,112,117,141,150,157,191,195,196,201,206,226,244,246,265,268,269,272,280,286,291,297,308,313,318,321,334,343,350,351,373,395,414,419,422,440,445,450,454,455,474,476,484,499
4,41,42,77,83,85,114,119,141,142,173,183,184,186,196,216,223,226,241,248,253,254,259,266,268,269,276,277,279,281,290,293,297,304,310,314,320,328,334,350,357,361,363,372,376,395,397,401,404,417,420,428,445,450,451,457,460,462,463,472,473,474,476,491,493,495
2,40,44,81,100,102,107,113,134,143,147,152,155,165,173,187,208,210,236,243,247,268,287,290,294,297,299,303,311,313,318,344,356,359,362,369,381,404,416,422,424,432,433,456,460,463,464,468,474,477
79,100,107,111,128,147,168,176,184,201,209,211,219,225,226,236,245,264,267,271,274,298,301,313,329,330,333,345,346,351,362,363,368,370,372,382,384,393,404,414,415,422,423,424,427,435,436,442,449,457,463,468,474,475,477,478,483,497
18,43,54,56,67,84,85,90,101,131,147,150,162,169,174,195,202,205,242,244,258,269,271,291,294,299,301,317,319,323,325,329,333,338,340,350,358,372,373,375,377,378,379,382,389,391,396,398,399,403,404,405,414,421,423,424,429,430,435,441,443,444,448,450,454,456,469,470,471,473,474,479,481,482,483,492,493,498
0,28,32,66,135,151,152,175,183,194,214,220,229,247,249,269,270,273,276,283,290,293,294,301,307,318,327,328,330,336,338,339,343,344,346,349,356,360,362,369,376,379,383,384,386,391,396,397,400,408,422,423,425,432,435,446,449,452,458,461,463,464,465,469,470,476,478,482,484,488,493,496
33,44,71,83,93,94,114,190,197,198,201,216,220,229,247,251,270,284,287,297,301,315,316,318,320,327,329,352,356,362,384,389,400,403,406,408,409,418,432,436,438,440,448,463,465,470,472,476,477,482,488,489,491,496
32,47,49,84,98,100,115,138,141,184,216,219,236,247,254,267,268,273,279,281,293,299,308,353,391,397,400,409,412,458
41,57,84,97,98,114,117,152,157,161,175,178,210,230,232,236,241,262,265,276,279,280,286,293,297,306,310,313,315,320,342,343,354,361,379,384,385,394,401,410,411,421,437,446,453,462,465,468,471,483,485,498
18,21,22,57,71,85,98,100,133,156,157,163,174,215,223,225,229,236,237,244,252,277,278,279,283,289,293,296,305,310,313,315,319,321,327,328,355,356,358,362,363,364,365,366,367,372,376,379,382,383,389,394,396,398,402,407,410,415,416,417,418,421,427,429,435,438,440,449,452,453,459,466,473,474,479,480,495,496
9,26,28,36,44,47,57,79,101,126,136,153,158,165,195,210,216,241,248,254,259,292,293,302,305,309,313,321,324,325,341,359,375,377,405,435,443,453,456,459,465,480,486,497
18,62,66,71,79,107,118,119,165,167,177,199,216,253,260,269,272,274,280,283,284,286,287,291,292,318,322,336,340,343,344,350,352,365,366,371,373,375,377,381,383,387,393,398,400,414,417,420,422,425,429,438,446,472,473,475,482,488,494,498
12,19,32,37,52,83,169,173,194,201,211,215,237,248,264,273,276,277,281,287,294,316,322,323,329,335,350,355,357,369,372,375,383,385,391,393,394,395,398,401,402,410,414,415,419,422,425,426,432,436,437,441,446,451,453,457,458,459,463,468,471,479,491,498
0,33,52,84,101,103,106,118,120,123,145,174,219,229,231,244,247,270,273,274,276,277,280,284,294,296,310,341,350,356,364,403,414,415,426,430,440,444,456,460,463,466,467,470,471,475,480,486,487,488
13,48,56,71,136,150,153,159,164,187,195,210,241,248,274,289,298,309,315,321,322,328,329,351,371,372,374,377,383,386,392,396,398,413,419,422,445,454,458,460
17,26,52,60,66,96,114,165,179,193,216,219,227,249,251,253,265,271,273,290,293,294,301,305,308,310,313,315,316,329,341,343,345,347,355,360,367,376,383,385,386,398,399,402,410,416,418,423,426,427,430,435,445,448,449,452,455,463
23,28,29,30,59,66,75,77,117,144,152,181,194,202,205,215,219,226,235,236,241,255,256,262,280,282,287,290,291,296,302,308,318,321,323,328,335,348,350,364,376,386,387,397,416,426,453,462,464,479,485,491,492,499
17,21,36,37,55,71,85,109,114,115,147,148,165,190,219,227,241,249,253,260,261,272,290,296,301,321,334,337,339,347,348,350,351,357,368,386,398,413,419,426,442,443,449,452,460,464,479,488,492,494
40,44,75,136,146,150,152,155,164,170,179,181,187,211,212,213,229,251,261,277,279,286,293,296,323,332,344,348,357,360,365,369,372,374,379,382,383,384,388,394,418,426,431,437,448,455,473,482,484,486,488,496
10,33,88,114,115,145,148,161,165,176,213,216,220,223,254,259,274,293,294,313,321,322,323,324,329,332,335,339,344,351,352,370,372,375,377,397,398,401,414,417,421,433,435,438,439,445,447,449,456,462,463,464,469,470,476,477,480,482,484,485,492,499
1,42,43,57,151,167,173,190,195,204,211,212,219,224,236,239,269,280,284,294,299,305,316,326,329,335,342,343,396,440,453,455,470,476
3,15,27,41,46,57,76,101,112,118,136,167,181,183,193,232,238,241,248,262,270,274,279,300,317,327,339,365
22,51,85,88,89,105,115,119,132,135,152,157,163,168,171,210,213,232,242,248,262,267,269,292,295,296,301,305,314,318,322,327,329,354,356,359,372,406,407,411,428,434,438,461,479,484,488,495
10,14,54,76,107,120,143,144,145,151,153,157,192,222,223,239,248,260,269,272,273,284,285,291,296,301,303,310,312,315,320,339,341,355,356,362,366,386,389,408,410,415,426,431,435,460,466,471,472,473,485,494
0,13,57,60,83,85,180,191,193,213,214,218,241,243,249,259,269,272,273,280,286,297,302,308,316,319,322,340,341,342,351,353,354,369,376,379,386,404,405,407,410,420,424,426,432,445,454,457,460,461,466,469,475,476,478,488,492,495
2,9,32,60,71,73,84,102,107,111,129,145,152,153,156,161,163,187,190,191,204,216,226,227,229,249,285,287,293,304,311,315,321,329,350,354,357,358,359,362,366,369,378,381,382,383,384,385,392,393,398,405,408,415,417,419,421,425,433,439,441,448,449,454,457,460,462,466,468,470,477,485,489,499
1,3,4,7,8,30,62,75,83,89,97,101,116,164,180,184,187,224,248,253,268,272,276,279,281,283,291,301,308,310,320,322,323,324,325,328,335,336,337,340,341,349,351,361,370,371,374,375,381,383,386,388,398,399,400,401,405,408,410,412,420,424,425,428,430,432,434,435,441,444,452,454,456,458,464,474,479,480,486,488,491,494
8,17,26,66,77,79,85,88,113,114,115,116,120,138,147,167,178,180,190,193,199,204,227,232,239,241,249,261,268,277,283,284,290,291,292,294,305,309,320,321,324,327,338,341,343,348,350,352,361,374,377,391,393,402,413,421,444,451,469,491
8,63,95,117,134,135,143,146,152,190,219,226,236,239,265,269,272,279,283,299,304,306,310,315,330,335,343,351,353,355,358,360,366,381,382,383,384,386,387,388,389,393,401,404,407,412,418,421,425,427,428,429,430,434,436,443,446,451,452,456,458,461,464,466,468,469,470,471,475,481,485,486,495,496,497,499
23,115,133,153,172,179,180,181,183,190,211,212,229,243,252,258,262,268,274,281,283,295,305,306,309,315,318,323,331,348,352,354,362,368,370,389,406,409,412,413,414,415,419,423,430,434,442,448,451,460,461,464,465,467,472,473,475,476,477,485,491,492
17,26,42,47,54,92,122,133,150,157,172,187,191,212,214,236,247,254,284,285,286,290,295,312,332,346,348,349,353,355,364,366,371,374,384,389,392,397,400,401,402,406,408,411,418,424,434,435,442,448,449,450,452,457,459,465,471,472,476,477,480,483,487,490,493,494,496,497
2,4,41,46,47,48,51,64,71,83,97,101,118,129,135,145,161,181,192,202,204,208,211,212,216,229,242,268,271,274,279,280,284,286,302,304,321,333,336,339,347,352,354,358,364,376,377,382,388,391,399,400,402,403,405,409,416,431,435,448,458,459,463,474,478,480,485,493,496,499
1,19,56,73,75,76,84,88,90,129,144,184,186,191,193,194,201,212,215,281,289,305,307,326,329,330,333,337,346,347,375,385,432,452,467,472
76,84,94,127,133,136,155,158,175,204,206,213,224,239,242,252,256,269,271,273,277,279,285,287,299,314,321,325,336,341,342,349,360,366,369,371,372,373,377,380,382,397,399,400,405,406,411,414,441,444,449,450,454,456,460,461,465,469,471,493
15,62,95,105,109,135,145,150,152,156,172,175,191,223,234,244,261,267,268,282,284,292,302,318,321,328,333,349,352,355,370,394,414,420,435,455
77,101,151,179,184,191,215,219,247,252,261,293,297,304,305,326,334,346,349,363,366,375,378,386,394,407,421,428,430,435,444,446,451,457,464,480,490,495,498,499
1,7,15,47,48,53,56,57,76,100,101,102,115,119,144,151,186,219,235,255,267,274,279,280,285,286,289,293,296,310,313,315,329,339,342,352,357,361,371,381,396,397,403,406,437,439,450,455,458,460,465,476,477,478,481,482,484,486,487,490,493,498
0,35,63,71,85,88,101,114,126,155,219,234,260,261,267,277,284,292,305,311,315,317,325,332,350,351,360,364,366,371,382,383,384,386,390,392,394,395,401,402,405,407,410,414,418,427,428,431,432,434,437,438,441,442,445,446,447,448,451,453,457,461,462,463,464,465,466,472,473,480,486,489,492,494,498,499
41,57,60,62,101,150,169,179,180,191,223,227,229,236,253,261,276,293,299,326,327,329,330,333,347,349,353,367,368,370,371,372,377,381,383,390,397,398,399,401,402,403,404,405,409,420,421,424,428,429,432,441,444,446,451,454,464,471,474,475,480,485,492,493,498,499
42,81,119,121,136,145,149,152,174,180,186,201,214,223,229,263,264,268,271,279,281,289,292,293,297,305,315,325,327,333,359,364,367,369,370,373,383,384,393,396,397,398,405,412,420,422,429,430,431,432,437,438,441,442,447,453,455,456,457,460,462,478,480,482,485,492,493,494,497,499
1,17,21,22,30,57,94,95,108,118,135,150,151,152,155,186,198,208,222,231,235,245,248,269,270,275,279,282,292,295,300,301,307,321,333,337,340,354,355,361,363,369,374,377,393,394,419,420,430,458,478,481,482,483,491,499
41,54,74,119,126,176,190,194,205,216,222,235,262,273,274,278,284,289,293,305,333,335,342,345,377,462
15,49,63,75,98,135,162,168,178,190,191,195,209,210,215,216,223,225,229,248,277,295,301,304,305,333,335,347,349,352,354,357,359,361,368,396,411,412,415,417,427,428,430,482,493,497
4,28,29,31,51,109,120,138,167,168,186,192,197,205,207,216,235,247,248,260,273,274,277,282,283,291,293,305,306,310,320,333,339,362,363,369,371,373,374,382,383,386,387,390,391,394,395,397,404,408,415,419,421,422,427,435,438,441,447,448,455,456,458,461,462,469,473,474,476,481,486,487,489,490,491,495
14,26,66,116,165,167,169,179,191,192,194,216,226,251,256,262,267,283,305,310,315,327,341,353,362,366,369,370,377,379,382,385,387,390,391,393,398,402,405,409,414,416,417,422,427,440,443,448,449,455,457,458,459,461,463,465,467,469,472,473,474,476,478,483,484,495,496,497,498,499
19,36,37,41,98,102,107,134,158,201,215,219,223,226,236,239,261,267,272,274,276,277,280,292,300,310,317,323,326,329,336,342,348,349,357,363,364,367,368,373,376,391,393,404,411,415,430,442,444,446,455,456,471,472,477,479
10,13,38,59,75,76,95,97,111,183,191,204,211,213,218,230,233,241,253,284,287,291,299,304,306,321,323,327,343,350,353,358,362,363,368,384,391,441
16,28,89,99,133,148,153,164,166,167,175,177,184,186,190,196,202,209,210,218,219,238,247,276,277,279,293,302,304,305,318,320,321,322,323,335,338,350,354,357,360,361,362,367,372,373,375,380,383,393,395,403,420,429,436,437,441,453,454,460,464,465,467,472,473,477,479,480,486,491,493,499
39,43,53,75,84,153,175,184,190,205,222,232,241,254,274,279,282,286,292,299,308,313,321,325,327,328,333,336,338,342,343,346,357,362,371,380,384,385,386,388,391,392,393,394,397,399,405,409,411,413,414,415,416,418,419,422,428,429,430,432,433,434,440,442,447,450,452,455,459,465,469,474,475,478,480,482,486,488,490,493,494,495,498,499
21,23,49,66,97,98,127,132,188,193,220,226,231,232,253,260,270,272,280,284,292,301,304,320,324,328,335,357,363,367,369,371,374,379,380,382,383,384,386,388,390,396,397,404,414,423,426,429,445,450,455,458,461,468,474,476,488,493,497,499
24,71,79,84,90,103,106,146,147,151,167,181,194,206,208,210,216,241,251,253,255,273,280,283,287,301,317,321,338,342,350,351,354,364,367,373,376,396,407,409,429,449,452,455,457,459,460,461,469,472,480,494,495,497
0,28,38,57,75,97,104,129,145,150,158,162,163,176,201,202,212,213,217,230,236,239,241,253,254,274,276,279,284,292,293,299,304,318,321,328,334,335,336,343,350,356,359,371,380,385,390,393,394,398,404,407,415,420,421,423,431,432,433,441,442,443,449,457,458,459,462,463,466,468,475,477,482,484,490,491,492,499
22,39,41,77,88,90,96,120,124,129,145,153,157,175,181,191,196,204,209,211,247,254,258,264,267,268,274,279,281,286,296,313,315,321,325,329,333,339,340,348,355,369,374,379,384,386,387,389,391,393,396,399,402,404,406,411,414,417,423,424,426,429,430,431,433,434,437,439,441,443,445,449,451,461,463,464,465,468,470,473,475,483,485,489,491,493,494,496
2,10,21,67,85,91,107,109,126,129,150,179,186,220,241,252,259,262,272,281,289,290,299,310,311,314,318,322,328,334,335,338,343,351,355,357,362,364,365,368,384,389,390,396,398,403,404,406,410,412,421,422,426,430,431,433,435,442,446,448,449,450,451,457,458,460,464,466,468,477,483,488,490,492,496,497
16,19,20,51,56,66,74,85,88,97,128,135,183,184,187,202,212,213,244,250,254,271,273,291,292,304,323,328,349,359,388,403,413,425,435,440,451,469,471,498
49,73,76,87,88,100,165,166,169,183,185,201,210,223,227,248,267,271,281,284,293,305,315,316,321,328,329,332,333,342,348,368,373,376,381,383,384,385,388,390,392,395,398,401,402,411,412,413,414,416,417,418,419,430,434,438,439,440,441,443,445,450,453,455,457,460,467,469,470,471,473,474,475,477,479,484,489,494,496,498
19,48,67,81,101,103,119,154,178,199,216,249,253,258,262,271,277,279,287,291,296,301,302,310,357,371,372,373,375,383,384,392,395,399,402,406,412,413,414,421,422,430,432,433,435,443,445,448,451,454,460,461,470,480,489,492
0,21,81,97,102,119,150,156,236,267,289,292,295,296,311,315,326,335,349,350,352,360,362,379,385,389,390,393,395,396,401,402,403,404,405,406,410,412,413,414,416,418,420,424,426,428,429,436,443,445,448,451,453,455,457,459,460,461,462,463,465,467,468,469,473,476,480,483,485,487,495,499
22,25,28,29,30,92,132,136,151,157,165,171,180,183,185,209,215,222,240,241,253,260,274,309,313,327,328,333,342,349,352,355,357,361,367,368,373,384,385,388,391,393,401,404,409,412,417,420,421,425,429,430,440,448,457,466,467,471,475,476,477,479,480,482,485,491,496,498
29,43,46,52,118,130,150,164,175,179,183,198,201,254,268,270,281,286,292,294,299,310,318,321,329,333,335,336,338,339,342,349,350,352,361,362,363,367,371,373,379,380,399,400,410,415,417,421,422,430,435,444,454,470,477,480,482,485,494,498
16,26,39,40,79,115,135,145,157,161,165,173,176,180,193,200,209,210,211,216,220,231,244,248,258,267,273,278,281,283,294,304,305,310,327,329,330,332,342,349,352,354,361,363,370,372,373,376,377,379,380,382,394,396,404,408,418,442,449,454,464,467,468,474,487,497
1,16,31,38,41,51,54,57,96,98,101,103,112,113,146,162,170,184,193,195,215,218,223,239,241,247,264,272,281,282,286,297,299,314,323,332,336,339,349,356,368,372,375,379,381,382,386,389,391,392,395,398,399,402,404,405,408,409,411,412,419,423,425,430,434,441,442,443,447,449,453,457,458,459,464,467,469,470,476,477,478,482,483,486,492,493,495,498
3,21,41,54,61,71,75,107,114,121,134,142,150,153,161,162,165,174,184,217,220,224,236,239,261,265,272,296,303,306,319,329,338,339,340,341,347,348,350,352,359,361,367,372,373,376,385,387,391,392,397,406,417,419,422,432,439,442,444,456,468,469,471,475,477,478,480,486,487,495,496,499
4,21,23,28,54,81,82,88,90,105,115,129,136,151,152,157,159,162,169,171,190,193,202,207,212,237,239,243,248,253,258,260,261,267,280,281,284,294,304,315,318,319,335,340,352,367,368,376,386,393,397,406,411,414,417,426,432,433,434,440,448,451,464,474,480,490
36,60,83,85,109,119,135,157,165,191,202,212,214,217,220,229,232,235,253,260,263,276,279,298,302,303,305,323,342,350,352,355,372,373,378,379,382,389,393,401,403,407,410,412,414,421,424,428,430,432,435,438,446,448,450,454,456,459,461,467,470,479,481,482,498,499
32,41,43,66,76,89,107,145,152,189,195,216,223,229,243,254,261,271,282,290,291,301,302,304,315,318,328,330,333,347,352,353,354,376,377,381,385,388,392,397,424,431,437,440,441,449,461,474,476,480,494,498
51,81,88,104,125,128,141,144,152,173,178,181,183,188,189,191,206,216,223,224,234,254,268,292,311,313,315,321,322,361,362,367,368,373,375,377,379,381,412,415,420,425,430,433,435,439,443,446,447,448,457,459,460,470,472,474,475,482,484,485,489,494
0,18,25,40,41,47,75,107,111,126,132,147,175,190,197,219,223,229,244,247,251,253,259,261,272,281,283,287,297,321,328,329,331,336,351,355,367,368,369,370,372,376,382,385,386,399,409,412,418,422,429,432,441,442,443,447,449,450,457,458,462,469,473,474,486,491,495,499
3,7,12,23,56,62,88,89,107,109,169,184,190,196,201,216,219,220,223,247,248,255,262,271,274,277,287,293,297,307,313,323,338,349,354,361,372,379,380,385,386,389,401,415,431,448
8,20,40,46,56,71,85,98,114,135,146,147,157,183,215,222,234,239,262,270,277,280,300,309,311,317,327,335,336,349,351,352,363,364,368,369,371,372,375,376,381,382,387,388,397,400,401,406,407,408,409,410,411,412,413,416,417,418,421,424,425,428,432,434,436,439,443,448,451,455,457,461,463,464,472,475,478,481,484,485,488,489,492,493
7,22,23,49,85,143,147,154,162,163,187,198,206,216,219,223,224,248,251,264,267,271,272,273,274,278,291,292,293,297,301,303,315,332,333,336,342,358,359,361,364,367,372,375,384,465
8,14,17,22,38,49,59,115,141,144,145,159,161,164,167,169,195,210,229,231,251,256,273,277,286,287,289,293,297,302,320,324,325,336,361,367,371,379,380,381,385,416,418,437,441,446,447,450,462,463,464,465,479,483,484,486,487,498
19,21,32,88,167,171,190,222,223,247,258,275,289,292,294,297,299,302,320,321,323,328,329,333,338,344,360,363,366,373,374,376,377,381,384,411,420,426,429,432,438,444,460,463,470,479,489,490
32,43,113,119,120,146,152,166,204,214,219,221,227,250,277,284,289,293,296,301,305,309,310,313,320,322,325,329,331,340,343,354,357,360,362,363,367,372,373,386,387,389,393,400,416,422,427,428,430,431,433,446,448,456,461,462,468,488
0,1,12,16,44,47,54,75,113,115,121,127,147,165,179,195,207,216,237,249,262,272,273,286,294,321,323,328,333,335,336,338,339,341,343,349,350,362,363,368,375,377,379,385,401,403,405,410,415,416,417,418,420,423,427,428,429,430,432,433,435,438,439,440,441,445,446,447,448,453,457,459,461,462,463,464,467,469,472,474,475,479,482,483,484,485,486,488,491,493,496,498
2,18,32,40,42,43,54,67,105,111,123,148,156,204,207,212,215,224,226,237,239,254,255,268,279,284,294,297,318,320,321,323,328,339,350,355,357,362,372,376,380,383,385,391,407,412,417,420,422,427,428,436,445,448,449,451,452,454,456,459,462,464,467,469,472,477,478,481,484,487,490,494
1,7,90,95,103,109,129,136,141,142,150,163,167,171,172,188,193,268,271,279,281,294,313,321,329,330,331,335,350,354,355,357,383,393,397,492
4,6,31,46,49,54,65,76,82,95,97,98,99,114,118,143,150,157,159,174,195,206,210,216,224,243,250,256,259,268,269,273,277,287,301,306,309,313,325,332,336,343,350,352,354,361,362,379,381,382,388,392,393,398,403,405,406,408,412,414,416,417,419,420,421,422,423,425,429,431,432,434,436,437,439,441,444,445,446,449,452,454,455,458,460,461,462,466,467,469,472,477,480,482,483,484,486,488,489,493,496,499
24,29,41,81,83,87,94,99,112,157,159,172,177,178,179,216,225,241,249,264,268,273,313,315,321,333,336,339,351,354,355,361,362,368,376,379,380,381,385,405,409,413,424,428,431,433,436,437,439,440,443,444,450,451,456,458,459,460,462,465,467,470,473,477,478,484,485,489,490,493,494,495
1,20,33,58,76,89,102,118,121,134,141,162,183,204,215,232,243,251,252,264,274,279,303,310,313,315,328,330,337,355,360,362,371,377,378,381,388,398,401,452
10,12,13,45,63,83,85,98,109,113,120,136,166,190,196,212,215,230,239,251,256,262,269,274,283,291,301,308,309,310,316,318,323,325,326,327,328,348,352,362,367,369,373,375,376,377,381,382,384,385,405,406,408,409,412,417,422,428,433,437,441,444,450,451,452,466,467,476,480,481,486,489,492,494
24,41,45,46,47,85,105,142,145,150,174,185,198,209,214,216,217,218,226,239,251,254,267,276,284,285,292,317,318,328,334,348,349,350,355,357,361,362,363,368,372,381,385,398,401,402,404,410,413,419,423,424,426,427,429,430,431,432,433,436,437,438,440,441,448,451,452,455,456,457,459,460,461,464,466,469,471,472,473,474,477,479,480,481,482,485,487,488,489,490,492,493,494,496,497,499
18,49,52,132,141,146,151,159,179,183,192,194,196,216,232,245,250,260,262,273,277,286,290,299,304,307,308,310,316,330,346,353,354,357,360,376,377,380,381,386,387,393,401,404,409,411,414,416,417,420,424,425,427,435,438,440,441,447,448,450,452,454,455,459,460,461,463,464,469,472,476,478,481,482,485,488,491,495,498,499
4,15,32,46,48,63,83,88,92,102,115,119,126,143,157,202,214,229,244,251,253,255,256,260,261,264,267,268,272,280,285,291,293,297,308,313,315,321,323,333,346,348,352,359,361,374,375,388,393,399,457,464,477,494
0,1,32,54,71,90,98,102,119,134,158,163,180,191,194,201,205,218,224,225,239,273,283,292,293,294,297,308,309,313,315,318,329,330,347,349,350,354,367,384,385,393,401,404,423,430,464,474,480,499
17,19,23,43,51,57,75,81,127,148,161,175,190,194,199,210,223,247,249,251,253,256,258,261,267,277,281,284,286,287,312,313,319,330,331,353,355,362,368,372,374,382,385,391,393,402,404,406,412,413,414,417,419,420,421,422,423,428,429,430,431,434,435,436,437,438,441,443,445,447,448,450,451,452,453,454,456,458,460,461,463,464,466,467,468,469,471,472,474,475,477,479,483,484,487,490,491,497
0,10,30,43,53,76,115,126,135,152,169,179,192,196,198,202,209,220,226,229,244,248,255,272,274,279,280,281,284,290,291,297,311,316,318,332,333,336,339,347,348,350,361,377,381,383,388,393,398,405,413,418,419,421,422,423,426,427,429,430,432,433,434,437,439,441,443,445,451,453,455,458,463,464,465,466,467,468,470,476,477,478,480,481,483,484,485,487,490,494,496,499
14,20,30,31,105,106,109,129,133,135,157,161,162,202,211,212,213,221,228,232,241,248,253,254,259,260,267,274,275,277,292,297,301,302,308,322,332,346,354,357,366,369,372,376,379,385,387,393,396,406,415,419,426,431,438,449,452,454,455,467,468,472,473,479,487,492
3,30,38,43,76,81,85,95,111,129,148,166,167,179,205,229,239,247,248,261,268,277,281,285,296,301,331,350,352,353,363,366,377,379,380,381,382,385,388,390,391,393,399,401,404,409,414,415,416,419,420,422,424,428,430,432,433,447,450,454,456,461,467,469,471,474,475,481,484,486,492,494
37,44,58,76,101,103,113,114,119,157,167,174,175,178,180,184,194,209,224,231,232,235,241,243,244,248,254,272,284,293,295,301,321,338,341,351,353,372,378,379,380,381,393,402,405,409,410,417,418,419,421,425,426,428,429,436,438,441,443,445,447,449,450,452,457,461,462,463,464,467,468,469,470,472,473,474,475,477,481,483,484,488,490,491,492,494,495,497
17,29,32,39,40,54,60,62,76,103,112,115,118,135,141,143,150,157,162,194,201,212,213,236,237,249,253,264,267,270,277,283,286,293,300,315,318,319,324,327,328,335,336,337,343,353,357,358,361,368,372,373,376,379,380,381,387,388,401,406,409,412,418,419,423,424,425,426,427,428,431,432,433,438,440,442,448,451,452,457,459,461,464,468,470,472,473,476,480,481,484,485,486,487,491,494,495,497,498,499
5,22,52,53,63,90,93,98,103,148,157,161,162,163,191,199,210,234,237,239,244,247,251,268,277,286,289,292,293,294,296,302,310,313,318,320,327,333,336,337,347,349,353,366,367,369,372,375,383,390,392,398,411,412,416,422,446,453,455,471,487,497
4,21,32,38,46,54,89,95,146,152,160,168,175,183,184,187,189,205,211,224,232,238,261,262,271,273,305,313,317,323,326,333,339,340,355,368,372,379,381,393,395,397,398,401,406,412,415,417,420,421,425,426,427,428,429,430,431,433,436,437,438,439,441,443,447,449,450,453,455,457,458,461,462,471,472,473,474,476,477,480,481,483,485,486,487,489,492,494,495,496,498,499
14,38,47,48,63,111,115,117,159,180,191,218,219,231,236,249,256,269,277,293,301,318,323,325,333,335,343,349,366,368,376,379,382,383,386,387,393,398,399,401,404,406,409,413,416,420,421,422,423,425,428,429,430,431,435,436,439,441,445,447,448,449,450,451,452,456,460,462,465,466,469,470,471,472,473,474,475,476,477,478,479,480,484,487,489,490,492,493,494,495,496,497,498,499
15,29,84,105,147,150,151,152,162,166,172,202,209,213,223,226,231,259,261,268,271,272,274,285,287,290,301,305,320,330,333,339,342,352,354,361,372,379,381,384,391,393,395,398,410,413,414,422,425,427,430,431,432,438,441,444,448,451,452,453,455,456,457,459,461,463,468,475,481,482,484,486,492,497
60,98,112,129,154,164,174,184,185,193,224,236,260,261,281,287,296,301,324,336,338,341,349,353,364,367,372,379,385,386,401,405,409,410,411,412,413,414,424,428,432,437,443,446,447,448,454,456,459,461,468,474,476,477,487,489,490,493,494,496
18,54,66,88,102,109,113,126,135,159,162,171,181,202,209,229,239,243,256,258,261,277,278,283,285,287,294,297,318,325,335,348,350,358,362,363,364,371,375,381,382,390,396,398,399,401,406,409,412,416,417,427,428,429,432,437,438,440,441,443,444,445,447,450,451,457,458,462,464,467,468,474,475,476,477,478,479,480,486,488,492,493,494,495,498,499
6,32,49,83,96,113,114,132,134,181,191,192,215,227,239,248,269,273,286,297,311,319,320,328,332,333,343,349,351,352,359,362,367,375,377,380,382,383,388,393,401,409,410,413,416,417,424,443,450,455,457,458,465,473,475,479,482,485
15,20,23,51,54,67,106,120,123,129,141,155,163,180,191,194,195,201,211,219,223,227,248,249,268,274,275,278,279,298,299,300,305,315,318,324,326,327,329,335,336,338,363,367,368,372,377,380,383,386,391,397,399,401,404,409,410,412,415,417,418,423,425,426,430,431,432,433,435,436,438,439,440,441,442,444,445,446,450,452,454,456,457,458,462,465,466,470,472,474,475,476,478,480,481,482,483,485,486,487,488,489,490,492,493,494,496,497,498,499
1,32,71,98,115,120,175,181,216,225,248,253,256,258,268,277,283,292,301,315,327,328,329,339,353,373,375,376,385,398,401,405,408,409,410,414,417,422,428,437,438,439,441,454,459,468,469,472,474,477
2,19,21,32,66,78,95,134,155,162,180,181,191,196,209,220,247,253,254,280,299,304,314,323,326,327,328,348,350,354,362,376,381,388,389,393,402,405,406,412,414,419,421,427,431,441,456,458,477,481,489,496
34,42,62,75,83,105,111,117,141,154,165,193,195,210,215,240,246,249,265,272,276,277,285,295,304,313,315,320,321,329,335,336,349,350,352,378,382,385,390,393,401,406,413,414,416,417,418,422,426,427,429,430,432,433,436,437,438,439,440,441,449,454,456,457,458,459,462,464,465,466,468,469,470,472,473,476,477,478,479,480,483,485,488,489,491,494,495,497
48,71,76,90,98,125,153,190,236,251,267,273,283,287,292,295,296,303,315,336,337,339,340,341,342,347,348,373,376,377,381,387,396,405,410,411,413,414,416,422,425,436,441,445,446,450,451,457,458,467,468,470,473,474,475,476,478,484,487,488,491,493,494,497,498,499
8,18,54,72,78,81,83,85,89,132,145,147,150,179,199,217,241,259,261,265,283,291,327,333,339,352,361,366,367,368,397,398,399,405,406,410,414,416,418,420,424,425,429,431,432,436,440,444,447,450,451,453,455,459,460,462,465,466,469,473,475,476,478,482,489,494,495,496,497,499
57,99,101,157,168,169,187,204,207,211,212,232,239,251,258,260,267,271,274,283,284,289,290,299,308,321,325,346,350,352,359,361,362,366,372,381,388,393,397,398,399,402,404,409,412,413,414,416,417,419,420,423,429,430,431,432,434,435,436,437,439,441,443,444,446,447,448,449,451,453,457,458,459,460,461,463,465,467,468,469,470,471,472,474,475,477,478,479,480,481,482,484,486,487,488,489,490,492,493,495,497,499
0,18,40,67,88,102,112,114,119,120,135,172,183,213,253,267,277,279,294,301,308,328,333,335,352,362,363,371,372,373,374,376,381,382,391,396,398,401,405,409,410,413,416,417,420,425,427,428,430,431,434,436,437,441,445,451,453,456,460,464,467,469,470,471,476,478,479,481,482,483,484,485,486,489,490,492,495,499
1,8,28,33,41,90,102,133,151,172,180,191,193,197,202,206,219,228,232,253,256,258,270,280,283,297,301,304,310,315,328,337,339,350,352,353,359,363,364,366,369,372,376,377,379,380,382,383,385,388,390,397,398,405,408,409,410,412,416,417,418,422,425,428,429,431,433,434,436,437,438,439,440,441,442,443,447,448,449,451,452,453,454,455,456,457,458,459,460,461,464,467,468,469,473,474,475,476,478,479,480,481,482,483,484,486,488,489,490,491,492,493,498,499
0,8,49,124,126,141,154,179,184,185,191,192,193,224,242,261,265,273,280,286,301,305,321,342,347,355,361,363,375,376,377,389,392,397,401,402,405,409,411,414,416,417,418,422,424,427,428,429,430,437,441,443,449,451,453,454,456,460,461,469,471,480,482,484,485,486,492,494,496,497
3,39,41,76,84,94,97,107,155,163,165,167,184,193,204,215,220,232,237,238,247,252,253,286,296,305,309,313,323,326,329,330,336,348,350,356,361,362,363,372,375,380,386,387,388,391,393,396,398,401,405,410,412,414,418,419,420,422,425,427,428,441,446,450
3,22,52,75,88,95,108,115,133,148,194,207,209,213,222,244,251,254,260,261,263,277,281,292,297,309,315,326,343,349,372,375,376,377,380,387,390,397,398,402,404,405,410,412,414,416,422,425,430,434,441,445,447,450,451,452,464,466,468,469,470,474,478,481,488,490,496,498
37,44,73,92,120,142,168,181,187,204,210,213,269,277,279,283,296,307,315,346,350,352,353,354,361,372,376,379,385,387,393,401,409,410,428,429,430,433,439,445,462,481
32,37,75,77,129,142,158,162,164,185,187,195,220,251,276,279,281,293,296,308,321,327,328,329,333,334,339,343,347,350,354,355,358,359,367,377,378,380,383,388,390,398,406,409,417,422,428,443,447,456,458,472
29,32,51,52,55,79,120,135,148,157,174,198,243,254,266,274,276,296,306,321,327,330,336,352,371,381,393,399,401,402,405,409,413,416,417,422,425,426,427,428,429,430,439,441,444,445,449,451,452,456,457,458,465,470,472,473,476,485,486,487,488,489,492,493
8,46,49,71,75,76,85,105,129,135,210,223,227,230,232,252,259,260,264,273,281,291,298,315,332,336,342,360,361,363,371,376,389,395,401,402,404,405,409,410,416,419,420,423,425,428,429,430,431,443,444,445,446,447,448,452,456,459,461,462,467,469,471,473,474,475,477,479,480,481,482,484,485,486,487,488,491,493,497,499
10,21,35,44,57,62,81,114,115,119,144,147,165,174,181,184,210,215,224,233,239,241,265,271,273,278,281,285,290,293,305,308,330,333,335,343,346,361,363,367,379,388,396,398,405,406,409,411,413,414,416,418,420,422,423,425,430,440,442,443,444,446,447,449,451,452,454,456,457,458,460,463,465,467,469,470,471,474,475,476,478,480,481,483,484,485,487,488,489,490,491,492,493,494,495,497,498,499
46,56,64,97,100,134,154,164,179,202,206,220,224,241,248,249,259,262,265,268,281,284,299,308,320,343,349,360,376,379,386,390,393,398,401,402,410,416,417,422,423,425,428,430,434,436,440,441,443,445,447,448,450,452,453,454,456,457,458,461,462,464,465,466,467,470,472,473,474,478,479,480,481,482,483,484,487,488,489,492,493,494,495,496,497,498
10,17,20,30,74,76,80,87,103,105,157,191,195,201,229,242,251,254,263,267,269,279,300,309,324,330,333,337,344,368,372,378,379,382,387,389,398,402,405,406,414,420,422,425,427,430,438,439,451,475,486,487
3,14,43,54,97,101,162,165,179,184,191,195,196,202,227,230,232,239,248,260,261,262,265,268,269,277,278,282,283,287,294,301,322,328,336,349,350,357,361,362,363,367,370,371,375,376,379,385,389,391,395,398,401,404,405,406,409,410,413,416,417,418,420,422,423,424,425,426,428,429,430,431,432,433,436,439,442,444,445,446,448,450,452,453,454,455,457,458,459,460,462,463,464,465,467,468,469,471,472,473,474,476,478,479,480,482,483,484,486,487,488,491,492,496,497,499
15,38,71,133,136,152,162,164,165,180,185,190,191,213,254,256,261,272,313,327,341,353,354,361,363,369,372,375,377,384,385,386,391,414,422,430,438,441,443,445,446,447,449,450,451,455,456,457,458,460,463,465,466,467,469,472,475,476,478,482,483,484,486,490,491,493,494,496,497,498
22,56,57,61,64,92,103,109,111,113,161,191,195,202,214,216,219,220,231,235,248,256,258,262,263,264,269,277,283,285,291,296,299,302,303,313,314,315,321,328,334,341,352,368,375,376,379,380,381,385,390,391,393,402,409,410,413,416,419,420,421,428,430,431,435,437,438,439,442,444,446,448,450,451,454,455,458,459,460,461,462,466,467,468,469,471,472,475,477,478,481,483,485,486,487,490,492,493,494,496,497,498
43,85,97,106,167,178,181,188,192,197,220,226,255,265,272,291,301,304,313,319,328,337,350,351,357,359,362,369,383,386,396,401,402,404,418,420,422,427,428,436,437,438,441,443,463,465,466,479,487,491
8,14,38,48,52,66,89,90,119,120,145,147,148,153,167,170,173,183,191,199,205,292,293,302,304,310,313,324,325,338,339,343,348,361,373,376,379,380,381,398,399,401,409,410,413,417,420,422,426,429,433,434,436,437,439,441,442,446,448,449,450,451,452,453,454,455,456,457,458,459,460,461,462,463,464,465,467,468,469,470,471,472,473,474,475,476,477,478,479,480,481,482,483,484,485,486,487,488,489,491,492,495,496,497,498,499
34,51,71,88,105,112,118,163,167,182,195,205,224,272,296,297,305,308,309,315,319,320,329,332,335,336,352,359,361,362,369,377,388,390,395,397,398,401,415,419,422,426,428,432,437,438,441,442,443,445,447,448,449,450,452,453,454,457,458,459,460,461,462,463,464,465,466,467,468,469,470,472,474,476,477,478,479,480,481,482,483,485,486,487,488,489,490,491,493,494,495,496,497,498
3,14,18,30,41,95,106,116,120,126,152,165,167,169,179,187,194,220,237,253,254,261,262,273,281,290,294,300,302,305,320,343,361,363,367,372,385,390,391,395,398,406,409,412,413,416,417,419,420,427,428,430,433,435,437,438,439,442,446,448,449,450,452,453,454,458,463,466,467,468,474,475,478,479,481,487,488,491,492,494,495,498
31,41,46,47,57,58,79,111,119,133,148,166,210,214,216,223,224,227,231,241,250,254,271,285,302,319,323,328,330,339,342,349,353,354,355,361,367,368,377,380,381,382,387,388,390,392,393,397,398,399,405,406,409,414,417,418,419,428,430,437,439,441,443,445,446,447,450,451,452,454,455,457,459,460,462,463,465,466,467,468,469,470,475,476,477,478,480,482,483,484,486,490,495,496,497,498
3,37,45,48,57,62,76,95,97,105,120,144,168,178,179,188,199,213,214,220,249,250,256,262,264,276,287,293,295,296,304,305,313,318,321,322,327,329,333,339,341,343,349,354,357,368,374,375,376,377,384,385,389,391,399,401,411,413,416,417,425,428,430,431,436,438,442,445,446,447,450,452,453,455,460,461,462,463,464,465,466,467,468,469,470,471,472,473,474,475,477,478,479,480,481,483,484,485,488,489,490,492,494,495,496,497,498,499
3,89,107,120,145,151,153,166,177,183,190,219,225,240,247,249,251,256,261,267,273,310,311,315,317,320,321,324,325,328,354,357,360,372,373,377,379,388,391,395,402,404,406,409,412,413,416,417,420,421,422,426,427,432,433,439,441,442,443,445,446,447,448,449,458,470,472,477,479,486,492,497
7,24,31,46,66,75,95,100,116,136,150,179,181,193,205,208,209,211,215,219,225,237,249,267,273,275,285,291,293,294,302,303,306,313,315,325,336,351,352,353,359,361,362,376,377,378,380,381,387,393,399,402,404,405,409,410,414,417,418,420,426,427,428,429,430,431,433,436,438,440,442,443,445,448,452,453,454,456,457,458,459,460,461,462,463,464,465,466,467,468,469,470,472,473,474,475,476,477,478,479,480,481,482,483,484,485,486,488,489,490,491,493,494,497,498,499
49,103,118,132,150,175,185,188,190,194,204,206,212,214,236,256,260,273,281,291,307,316,329,333,339,341,350,352,354,356,372,374,399,401,403,404,405,406,409,411,413,414,417,418,422,430,433,436,437,438,439,441,445,446,447,448,449,451,453,454,456,457,459,462,464,465,466,467,469,470,471,473,474,475,476,477,478,479,481,482,483,485,486,487,488,489,490,491,492,495,496,497,498,499
4,10,17,28,55,75,76,95,108,141,146,150,175,177,181,195,205,210,216,218,231,244,245,253,259,261,271,274,279,283,284,285,297,305,315,332,333,334,336,340,344,361,363,371,379,381,385,398,409,410,415,416,418,427,428,429,430,431,439,441,445,446,447,449,451,452,457,459,460,461,463,464,465,466,467,468,470,471,473,474,478,479,480,481,483,484,485,488,489,496,497,498
10,42,44,49,63,85,87,100,107,112,146,153,167,180,195,202,207,215,220,227,229,257,259,268,270,277,283,284,304,309,319,324,328,338,348,349,350,357,362,371,380,383,384,388,399,401,406,409,411,412,419,422,423,425,430,431,438,439,441,443,445,446,447,448,451,452,455,456,457,458,459,461,462,463,464,465,466,468,469,471,472,473,474,475,476,477,478,479,480,481,482,483,484,485,486,487,488,489,490,492,493,494,495,496,497,498
3,20,39,41,47,57,59,73,83,88,101,119,126,134,147,155,156,165,187,199,210,224,256,261,269,283,304,313,322,324,339,342,344,358,360,363,367,368,369,372,373,374,379,381,393,401,405,406,410,411,415,416,418,421,427,430,441,442,443,445,448,449,454,456,457,458,459,460,462,463,464,466,469,472,475,476,479,481,482,483,484,485,489,490,491,493,496,499
48,51,54,71,79,81,83,103,114,117,146,150,184,188,190,211,240,246,265,277,284,287,291,294,303,308,315,316,319,321,322,326,328,334,337,343,350,352,357,363,367,369,386,388,397,399,402,405,409,412,417,418,419,422,424,425,429,430,431,435,436,437,438,439,442,445,451,452,454,455,457,458,459,460,461,462,466,467,468,472,474,479,481,482,484,487,488,489,490,492,495,496,497,499
23,40,51,100,105,132,151,161,167,169,186,192,205,210,218,227,265,267,268,290,304,310,321,325,327,336,348,349,354,359,361,363,368,374,375,377,379,381,382,385,390,391,393,398,405,407,413,414,416,418,420,421,422,425,426,428,430,436,438,439,441,442,445,446,448,451,452,453,454,455,456,460,462,464,465,468,472,478,482,484,494,496
3,8,9,19,71,83,100,114,119,136,150,174,178,180,185,229,254,260,264,268,274,279,283,286,287,290,301,313,319,329,331,336,338,350,352,355,360,364,367,368,373,375,377,385,391,401,402,409,410,416,420,421,422,424,425,426,428,430,435,436,438,439,441,442,443,445,446,447,450,451,454,455,456,461,462,464,465,466,467,468,469,470,471,472,473,475,476,480,481,482,483,485,486,491,492,493,494,495,496,497,498,499
25,46,56,66,102,133,145,158,165,183,210,216,223,232,251,257,269,283,291,296,305,333,334,336,354,355,368,372,374,375,381,385,388,390,398,399,402,405,406,414,418,419,423,425,427,428,430,437,441,443,445,446,448,451,452,453,454,455,456,460,470,472,473,476,479,484,487,491
0,15,71,75,101,105,117,120,131,144,174,185,191,200,211,220,226,229,234,263,265,266,269,281,283,289,302,306,309,311,320,325,326,337,338,341,347,348,349,353,357,360,363,371,374,377,379,380,381,390,396,401,402,405,406,409,417,427,428,429,430,431,438,441,442,443,445,446,448,449,451,453,455,456,457,459,461,462,463,464,466,467,468,469,470,472,473,475,476,477,479,480,481,482,483,484,485,486,487,489,490,491,493,496,497,498
12,32,38,63,94,111,112,120,136,167,180,181,185,186,191,219,223,232,236,247,254,268,280,292,314,329,346,348,352,353,357,361,367,368,373,374,376,380,381,388,389,393,397,398,401,405,406,409,412,413,414,416,418,419,428,430,431,437,439,443,445,446,449,451,453,454,456,458,460,474,481,482,485,488,490,496
15,23,66,79,119,138,146,150,164,173,180,191,192,201,202,204,205,207,241,248,253,281,283,284,292,297,301,302,309,325,332,340,343,349,361,363,365,367,375,381,391,395,397,398,399,401,402,413,416,417,420,422,425,427,434,437,439,441,443,445,446,448,449,451,452,454,455,456,457,458,460,463,464,465,466,467,468,469,470,471,472,473,475,476,477,478,479,480,481,482,483,484,485,486,487,488,489,490,491,492,493,494,495,497,498,499
1,26,82,92,101,102,107,119,145,150,168,178,184,185,186,195,206,224,232,239,245,276,277,281,292,300,301,305,306,308,313,322,325,326,327,329,330,336,337,339,343,355,361,368,375,376,381,393,395,396,398,406,409,410,413,418,428,438,441,442,444,445,446,447,448,449,451,453,454,455,460,462,469,473,476,481,487,489
15,16,18,20,28,38,41,81,99,106,161,207,216,226,234,236,244,247,261,265,275,277,290,292,293,305,320,321,326,329,340,341,343,350,352,353,359,361,362,371,376,377,384,385,387,393,395,398,399,405,406,407,408,409,410,413,414,420,425,429,430,433,439,441,445,446,449,451,452,453,454,455,457,458,460,462,468,472,473,474,477,478,480,482,486,488,490,491,493,499
15,47,51,54,57,73,76,84,129,135,145,160,166,176,181,195,197,210,212,217,219,226,230,247,260,265,269,271,272,273,274,277,279,281,287,291,296,319,321,329,330,332,334,353,354,357,360,361,368,371,372,376,381,394,395,402,410,417,421,422,425,427,428,436,438,439,441,442,444,445,446,448,449,451,452,453,454,457,458,462,471,499
0,3,44,48,84,87,95,100,103,109,120,136,147,163,198,224,251,254,259,270,274,277,280,284,290,296,301,305,333,337,347,348,349,352,361,375,377,382,401,404,405,409,410,417,422,425,427,433,439,442,443,444,446,447,448,449,451,452,453,454,455,456,458,460,462,467,468,474,477,478,480,481,483,485,487,489,491,492,494,495,497,499
22,23,43,87,95,158,159,165,178,181,195,202,242,255,259,263,271,279,281,283,287,290,293,297,305,313,337,353,356,368,371,379,381,382,384,385,388,398,399,401,402,404,409,410,411,412,413,420,426,428,429,430,437,438,439,441,442,443,445,446,447,448,449,451,452,453,456,458,460,462,466,475,477,479,486,487,488,489,490,494,496,499
40,54,76,98,99,101,141,154,171,174,192,195,236,241,242,269,270,284,290,300,326,327,332,336,349,352,373,375,376,377,381,384,386,397,409,410,411,413,414,418,419,420,423,425,426,428,430,433,441,443,445,446,447,448,449,451,453,454,456,457,458,460,462,464,466,470,471,474,475,476,477,478,479,480,481,482,483,484,486,487,488,489,490,491,492,494,495,496,497,499
3,13,43,74,77,79,98,99,101,102,103,114,117,136,152,174,180,191,200,205,210,220,224,226,237,242,247,254,267,274,277,281,282,291,305,328,329,343,348,351,352,357,367,368,372,374,378,379,381,385,386,391,398,399,401,405,406,409,412,413,417,423,425,427,428,429,430,431,433,437,438,441,442,443,445,446,448,449,451,452,454,455,458,460,462,463,471,472,475,484
18,31,32,58,94,100,102,135,145,173,181,184,201,214,219,247,262,280,294,296,300,301,310,315,328,329,330,337,343,344,349,352,376,379,380,383,385,388,390,396,402,410,413,414,417,422,425,426,428,429,433,436,438,439,445,446,448,449,450,451,452,453,458,459,460,462,468,471,472,473,474,475,476,477,478,479,480,481,482,483,484,485,487,488,489,490,491,492,493,494,496,497,498,499
0,9,10,31,36,119,141,159,168,190,191,192,209,212,230,234,236,239,251,259,264,277,280,283,297,303,308,309,310,316,322,328,332,336,337,347,352,354,357,362,369,378,379,382,386,405,409,412,415,416,417,428,429,431,437,438,441,443,445,449,452,453,454,458,462,465,468,469,470,472,473,479,482,483,484,488,495,498
19,22,58,63,74,79,89,111,146,151,181,184,189,207,209,213,215,219,225,239,268,276,280,292,293,298,325,330,335,347,353,354,356,361,368,369,371,374,390,393,398,399,401,405,406,409,411,413,414,416,417,422,423,425,428,435,436,439,441,442,443,445,446,449,450,451,454,455,456,457,458,459,460,462,464,469,470,471,473,475,476,478,479,481,486,488
0,43,75,89,126,145,148,160,161,165,185,187,195,202,234,239,244,261,273,285,288,294,296,322,325,328,333,335,342,347,353,361,367,368,371,376,379,381,391,402,405,411,413,414,416,417,421,425,426,427,430,436,437,439,441,445,449,451,452,453,454,458,459,460,462,463,464,470,471,472,474,475,476,477,480,483,484,485,486,487,488,489,490,491,493,494,495,496,498,499
16,21,38,40,46,81,88,102,103,109,118,143,153,160,172,209,211,220,234,250,252,253,274,283,297,306,309,313,324,325,326,327,328,333,350,355,362,367,368,372,373,379,384,387,389,390,391,398,405,408,409,412,413,416,417,419,420,422,423,426,428,430,433,437,438,439,441,445,446,447,449,451,452,453,454,456,461,464,466,468,470,473,475,476,477,478,479,480,481,482,483,484,485,486,488,489,490,491,492,493,494,495,496,497,498,499
10,20,56,62,63,84,85,101,114,116,131,148,150,165,194,213,227,249,256,261,268,269,271,273,279,280,297,304,315,318,323,327,335,337,348,352,353,362,372,375,376,379,382,386,390,393,398,409,412,413,417,418,420,421,422,426,427,428,430,437,438,440,442,443,445,447,448,449,451,452,454,455,458,460,462,467,468,469,470,472,473,474,486,487,488,490,492,493,495,496,498,499
3,23,32,38,88,96,118,125,126,150,151,184,188,203,223,229,253,254,268,288,289,301,302,305,324,325,329,330,343,344,348,353,354,360,367,368,373,381,382,385,389,404,406,410,414,416,417,419,420,422,425,426,427,429,430,436,438,441,442,445,446,448,451,452,454,455,458,459,460,462,463,468,470,472,473,474,479,489,498,499
18,85,119,120,137,148,150,165,190,195,214,215,226,227,236,239,250,260,268,280,291,302,326,327,330,343,349,353,354,360,369,371,375,377,379,382,383,385,386,399,401,402,405,407,409,410,413,416,417,419,420,423,424,425,428,437,443,445,446,448,449,450,451,452,454,460,462,464,466,467,468,470,473,474,480,482,484,485
0,4,10,17,24,57,63,96,133,152,183,191,201,205,210,224,226,242,245,260,268,273,277,280,291,295,296,301,327,329,348,355,360,363,364,368,372,385,386,393,399,402,406,410,417,420,422,425,426,427,428,429,430,433,438,439,441,442,443,445,446,447,448,449,451,452,453,454,457,462,464,466,468,470,472,474,479,480,481,482,483,485,487,490,491,492,493,494,495,496,498,499
2,10,14,18,44,81,123,135,184,212,223,244,249,254,261,267,269,284,291,296,301,304,310,328,333,336,340,341,346,350,369,371,379,382,388,395,396,398,405,409,411,417,420,421,425,428,429,430,437,439,441,444,445,446,447,449,450,451,452,453,454,455,456,459,460,462,467,468,470,471,472,474,476,478,481,482,483,484,485,486,487,488,489,490,492,494,496,497,498,499
16,17,26,88,89,92,97,98,116,117,147,213,232,239,247,256,286,303,307,310,315,333,334,337,343,350,354,355,359,361,362,363,371,372,374,380,381,382,383,386,387,389,401,404,405,408,410,414,416,417,420,422,425,428,430,431,437,438,439,441,445,446,448,449,451,453,454,458,460,462,464,466,468,470,473,474,477,478,482,486,488,489,490,495,496,497
42,52,63,74,117,167,175,179,181,206,210,239,241,248,256,259,261,272,284,297,299,302,313,328,352,360,364,367,388,393,399,404,405,406,410,412,413,414,416,418,422,424,428,429,430,433,434,437,438,439,443,445,446,447,449,451,452,453,454,455,456,458,460,461,462,463,466,468,470,472,474,478,479,482,485,486,488,490,491,492,494,495,496,497,498,499
43,58,66,102,165,166,169,174,180,202,211,212,229,232,235,248,259,283,294,313,318,319,321,322,328,329,330,335,342,343,360,363,364,366,372,375,382,383,385,388,390,398,401,405,406,418,421,422,427,428,429,430,431,437,439,441,442,445,446,448,451,452,454,455,456,457,458,460,461,462,464,468,470,471,474,477,478,479,480,481,491,496
8,23,26,79,93,95,107,166,210,212,216,261,269,283,290,292,294,301,304,305,313,327,328,332,354,364,368,376,377,381,385,395,398,401,409,410,413,416,422,425,429,430,438,439,441,442,443,445,446,448,449,451,452,453,454,455,458,460,462,466,468,470,471,473,474,478,479,485,488,490,492,496
2,14,92,97,109,111,127,133,141,145,162,165,172,183,188,193,199,200,212,214,216,217,229,273,276,284,296,302,306,321,324,329,342,343,346,360,368,375,379,390,393,395,398,399,401,402,409,410,412,413,414,417,418,426,428,429,430,431,437,438,439,441,442,445,448,449,451,453,454,455,456,457,459,460,462,468,469,470,471,473,474,477,479,485,488,489,493,497
38,60,81,129,133,150,172,179,184,190,198,211,231,242,250,252,256,267,276,279,296,305,309,313,319,332,340,343,347,349,352,353,355,362,363,376,381,382,383,390,393,398,402,405,406,410,414,416,421,422,425,429,431,436,437,438,443,445,446,449,451,452,453,454,455,458,460,461,462,466,470,473,474,477,478,479,481,483,484,489,490,491,492,496,498,499
10,15,43,97,98,107,128,145,161,166,219,220,229,240,253,255,271,273,281,283,300,305,318,323,334,337,342,350,352,360,361,367,371,372,385,386,391,395,398,401,404,412,414,416,418,420,422,428,429,430,431,436,437,440,441,442,443,445,446,448,450,451,452,454,458,460,462,464,467,468,472,473,474,475,479,480,481,487,488,490,492,493,495,497,498,499
16,33,54,66,99,101,133,170,173,179,183,189,201,216,232,241,265,301,310,337,354,360,367,381,384,386,395,399,405,409,410,411,414,415,416,417,419,422,426,428,436,437,438,439,440,441,443,444,445,446,447,452,454,456,459,460,462,463,466,467,468,470,473,475,478,479,486,488,490,492,495,499
26,97,111,114,118,119,129,150,162,167,181,191,204,214,218,223,246,253,256,271,284,289,301,309,313,315,321,322,329,330,335,337,341,342,346,348,350,372,373,377,393,397,398,401,405,406,413,420,422,425,426,428,430,433,436,437,438,439,441,445,446,447,449,451,452,453,454,456,461,462,464,467,468,470,471,472,473,474,475,479,480,481,483,484,486,487,489,493,495,498
10,18,84,114,119,133,148,180,183,190,191,194,195,201,205,218,227,239,248,260,266,272,273,284,288,292,293,296,297,313,320,330,349,361,367,376,379,380,390,393,396,401,402,404,405,416,417,419,422,424,425,427,428,429,430,436,438,439,445,446,449,451,452,453,454,455,456,460,462,463,466,467,468,470,473,474,476,479,480,484,485,488,493,499
41,54,63,84,100,117,120,121,136,145,157,169,174,190,195,198,212,218,237,245,253,256,258,259,261,262,272,291,297,301,321,354,359,360,367,372,375,377,387,396,399,402,405,409,410,413,417,419,422,428,429,430,433,438,442,443,446,448,449,451,452,454,455,456,460,461,462,464,467,468,470,473,474,475,478,479,480,481,483,485,486,487,491,496,497,498
51,60,71,90,113,136,146,173,181,201,215,218,219,228,230,231,233,247,250,253,261,262,292,304,325,330,336,340,350,351,353,364,367,371,375,376,382,391,398,406,409,413,414,425,426,430,437,438,441,442,444,445,446,447,451,452,455,458,459,460,462,464,466,468,470,473,474,478,481,482,485,490,493,495,496,497,498,499
10,43,51,135,150,156,159,202,210,219,226,236,241,244,264,268,276,283,290,291,296,305,321,328,340,341,343,348,353,361,362,363,375,377,380,385,393,400,404,405,411,412,413,416,417,418,420,422,428,429,430,431,436,438,439,441,443,445,447,449,450,452,454,456,458,462,466,468,470,474,475,478,479,481,483,485,486,487,493,494,495,496,497,498
52,67,74,85,112,120,159,175,185,188,201,211,213,219,242,265,272,274,277,292,296,302,305,315,316,317,320,325,328,329,354,355,357,360,362,363,366,371,372,373,376,385,393,398,401,402,405,417,419,420,422,426,428,430,436,437,438,439,442,443,446,451,454,455,458,460,462,464,470,473,474,475,478,484,486,488,489,491,492,494,495,496,497,498
31,35,47,62,73,74,85,95,103,123,128,133,147,158,183,187,201,227,242,245,251,253,256,273,290,291,292,296,302,305,306,315,316,323,335,341,347,350,354,361,363,372,374,376,379,383,389,390,399,402,404,405,407,410,412,413,414,416,417,419,420,422,425,426,427,431,438,439,442,443,446,447,449,451,454,457,458,462,466,467,468,470,473,474,478,479,481,492,493,496
46,81,84,116,132,134,166,170,171,176,187,201,230,244,247,260,271,291,292,301,315,320,325,333,346,348,352,359,367,368,372,374,381,385,386,391,402,406,413,414,416,417,420,425,427,428,429,438,439,445,446,447,448,449,452,454,456,458,462,466,468,471,473,474,475,478,480,481,486,487,488,491,492,493,496,497,498,499
14,15,18,71,76,113,116,134,136,153,156,165,171,173,185,209,211,224,249,252,253,254,261,269,277,284,287,293,300,313,318,323,329,330,333,342,352,354,355,368,376,377,379,382,386,398,401,405,410,416,417,419,422,424,427,431,433,439,441,442,443,445,446,448,449,452,453,454,455,456,457,458,460,461,467,468,470,473,474,475,478,479,480,481,482,483,485,490,491,492,493,494,495,497
16,18,48,54,95,111,184,185,229,259,262,264,281,284,286,289,303,308,310,315,327,334,352,354,363,366,368,373,374,377,384,405,409,413,414,415,417,418,422,425,426,427,428,431,437,438,439,441,442,443,445,446,448,449,450,451,452,453,454,456,458,460,462,466,468,470,474,479,480,481,484,486,490,491,492,493,495,496,498,499
0,1,18,20,81,83,88,97,115,153,163,167,190,192,199,200,202,229,239,249,256,268,274,281,290,291,301,304,307,318,328,332,335,336,359,360,361,362,368,372,378,379,382,383,385,388,389,395,398,406,414,416,417,420,422,426,430,433,438,439,442,443,445,446,447,448,449,451,452,453,454,458,460,462,470,471,473,474,475,476,478,479,481,485,486,488,490,491,492,493,495,497
21,29,30,76,101,109,120,162,179,186,201,206,209,229,232,247,254,255,269,271,273,274,296,299,311,318,324,340,343,349,352,355,359,361,362,363,364,368,371,372,373,375,381,386,388,391,401,405,406,408,410,414,416,417,420,422,426,427,428,429,430,437,438,441,445,449,451,452,455,456,458,462,464,465,466,467,468,470,473,474,475,476,478,479,481,485,486,487,489,491,495,497
