46,47,50,80,92,112,113,129,158,174,175,200,214,231,253,266,277,280,292,298,343,348,354,358,361,370,376,387
3,8,15,16,25,49,75,80,81,107,124,125,135,143,162,163,170,179,181,183,196,201,231,233,234,235,239,257,266,290,299,309,312,322,324,334,348,351,358,360,377,392
19,22,29,41,47,51,57,59,66,70,75,78,94,103,146,155,161,165,179,200,214,220,228,267,285,302,305,309,317,333,370,381,385,389
1,15,21,31,58,88,95,126,136,141,157,158,161,191,194,203,209,211,220,229,233,243,248,253,258,259,278,281,284,290,298,301,302,308,324,347,352,364,373,382,390,391
19,26,35,38,40,43,45,54,60,82,92,93,96,100,107,123,124,127,130,134,141,145,154,156,159,165,176,210,218,223,226,228,237,263,282,288,294,300,303,306,333,337,344,349,350,370,378,384,389,392
8,9,101,102,179,184,191,197,218,219,220,228,261,268,295,326,365,372,391,396
24,31,37,136,207,216,267,278,281,340
21,35,49,55,56,68,73,83,104,107,108,121,128,140,145,194,196,203,210,217,225,236,271,273,276,278,301,311,324,351,369,397
1,5,24,48,49,50,70,82,92,117,121,126,127,134,144,153,159,160,165,169,170,174,179,182,193,196,207,208,209,219,227,231,239,244,245,250,256,270,292,313,327,334,336,339,358,363,366,370,374,387,391,399
5,24,44,45,81,100,126,144,148,150,172,214,238,255,257,301,366,392
19,20,28,31,47,60,97,98,106,120,121,127,128,154,157,158,160,161,175,194,214,227,240,287,296,305,321,342,355,367,378,379,390,394
40,46,81,91,94,112,119,138,149,157,158,174,180,218,234,244,246,267,290,319,333,354,360,371,377,378,379,393,396,398
14,16,22,36,70,86,91,100,112,114,120,159,172,174,179,192,236,245,261,265,275,286,289,292,294,313,316,330,336,344,349,359,365,398
30,112,145,155,158,232,261,300,301,338,354,387
12,40,43,73,82,166,184,229,271,278,289,311,319,328,345,346,348,353
1,3,20,21,35,51,66,68,77,80,82,97,103,112,124,149,204,220,222,225,226,227,265,312,350,356,394,396
1,12,74,78,154,204,213,270,275,283,308,340,387,390
24,46,74,92,98,99,100,142,156,162,178,193,198,206,216,255,256,270,288,312,314,315,335,344,352,356,358,363
96,116,173,177,203,267,282,301,307,325,334,363
2,4,10,31,32,68,76,91,92,133,141,154,158,160,167,177,183,186,219,228,237,264,269,293,321,324,332,334,342,356,360,363,366,367,369,371,375,385
10,15,29,30,33,40,45,51,58,60,61,63,74,78,92,109,120,123,126,134,159,163,176,181,183,190,192,198,199,210,212,214,230,242,246,256,268,271,285,293,302,313,324,327,328,335,337,356,360,371,379,389
3,7,15,25,32,45,49,53,55,83,101,124,146,175,190,211,222,243,244,257,280,303,316,334,361,369,378,383
2,12,27,40,50,70,115,122,196,198,211,220,246,264,327,398
94,121,157,161,165,204,206,209,210,224,257,258,261,264,274,292,296,300,327,367,369,395
6,8,9,17,31,32,102,185,244,257,275,280,311,335,360,384
1,21,32,40,41,43,57,79,82,101,103,115,119,129,133,159,163,166,174,198,200,203,223,224,261,262,271,284,296,318,321,328,343,354,355,357,359,380,385,399
4,27,36,40,46,84,90,96,99,107,121,134,136,137,140,146,148,149,175,179,183,185,207,208,211,216,218,237,254,256,265,270,273,278,279,280,285,308,324,330,352,354,391,392
22,26,29,40,47,80,107,108,117,128,152,206,221,384
10,33,34,37,54,55,57,58,63,100,111,115,127,128,142,143,151,153,158,164,177,179,201,212,225,226,228,234,244,245,246,252,260,278,279,285,286,295,297,312,352,356,361,381,388,397
2,20,27,31,47,51,57,68,80,96,102,110,120,127,156,168,170,180,186,192,201,207,239,240,244,245,246,254,278,302,303,310,318,319,331,365
13,20,50,51,52,59,74,75,76,81,82,90,107,118,123,148,154,156,158,169,175,181,192,214,226,227,246,256,264,283,309,318,320,339,353,360,361,367,369,396
3,6,10,19,24,29,58,62,74,117,138,149,158,187,209,224,250,265,267,275,288,312,323,324,326,342,367,386
19,21,24,25,107,177,199,201,236,374
20,28,39,40,44,60,70,81,112,113,129,130,134,156,163,174,187,192,202,207,226,227,229,231,234,235,241,247,258,281,297,303,304,322,333,335,348,350,367,373,374,386,387,394
28,41,43,57,58,82,85,86,90,98,102,110,115,132,133,149,152,166,175,194,207,222,230,244,266,272,273,283,293,295,297,307,311,314,321,322,326,333,342,349,352,358,363,368
4,7,15,41,45,53,70,71,95,99,109,112,134,139,144,157,170,186,188,209,224,226,239,250,251,259,270,293,307,308,309,335,340,343,375,384,389,398
12,26,79,82,88,91,104,120,124,134,137,144,157,160,163,172,181,183,188,190,191,194,199,201,202,212,233,244,246,258,269,270,287,302,315,325,327,338,365,369,373,390,392,396
6,28,51,57,92,228,230,382,386,394
4,39,54,70,73,74,78,80,87,88,94,113,119,129,131,135,148,149,152,166,170,175,188,210,219,221,232,242,244,255,259,270,275,301,304,306,319,320,323,350,380,386
33,38,127,233,315,361
4,11,14,20,22,25,26,27,33,57,67,74,86,93,116,122,124,130,134,156,160,168,185,189,204,212,237,266,269,286,294,304,315,333,334,341,371,373
2,25,34,35,76,98,103,127,136,137,151,164,169,184,192,194,207,226,245,266,275,276,279,290,348,360,365,370,387,395
66,75,77,78,81,87,89,103,122,125,128,133,134,138,140,142,144,145,146,148,158,159,163,164,167,180,185,193,197,198,202,215,217,223,263,268,272,280,306,312,341,344,350,363,367,368,371,374,377,378
4,14,25,34,45,46,47,55,64,65,77,83,87,106,115,125,128,129,140,151,153,160,165,173,176,185,186,194,201,204,207,212,222,223,231,232,234,245,251,258,274,278,284,285,289,290,292,307,323,376,387,391
9,33,50,57,62,65,70,84,94,103,119,131,135,156,176,179,190,201,215,216,220,222,236,244,252,253,264,268,270,279,283,287,306,317,331,333,335,341,347,348,356,358,366,367,370,390,391,392
4,9,20,21,35,43,53,56,78,87,88,93,101,131,134,141,154,157,164,180,183,196,202,207,244,245,253,274,296,298,305,311,315,324,326,336,337,350,353,369,374,377,384,392,393,399
0,11,17,26,43,48,53,56,71,73,79,97,102,104,106,116,131,152,158,173,204,208,217,220,222,225,232,240,241,243,253,257,270,294,303,304,312,318,323,326,366,368,371,373,374,378,379,387,391,393
0,2,10,27,29,43,64,81,110,115,120,126,149,150,166,230,231,268,269,271,284,293,306,318,335,340,342,355,357,386
8,46,113,127,133,162,187,284,363,382
1,7,8,21,117,125,236,305
0,8,22,30,44,354
2,15,20,29,30,37,56,71,80,82,106,116,126,143,165,168,200,213,223,225,230,238,247,260,290,306,309,314,324,326,327,336,378,385,386,387,388,399
30,55,60,62,72,73,79,85,113,125,145,158,161,166,172,193,202,203,221,253,256,259,265,299,313,318,332,334,335,336,350,357,362,370,374,390,395,396
21,35,45,46,131,224,269,281
4,28,38,69,77,85,112,113,114,129,132,134,144,150,161,171,185,196,213,225,248,274,284,286,302,304,307,315,316,317,318,321,325,329,334,370,371,384
7,21,28,43,52,56,72,96,127,137,156,159,183,198,206,209,223,275,291,296,308,340,341,342,345,376,390,396
7,45,46,51,55,74,104,111,131,132,136,138,139,170,175,182,184,194,201,206,210,219,224,228,233,236,238,246,259,276,289,316,328,329,346,375,380,389
2,25,28,29,34,37,40,44,59,60,113,116,118,145,181,189,206,230,242,257,297,309,334,384
3,20,28,31,34,133,134,135,142,161,174,186,216,228,270,336,353,374
2,30,57,74,80,83,92,102,150,184,186,198,200,202,217,218,260,310,322,329,349,360
4,10,20,33,52,57,93,111,121,159,185,232,276,307,387,388
20,72,77,93,118,120,128,133,152,154,203,214,223,241,258,271,273,277,304,318,325,355,378,391
31,44,52,66,74,90,92,97,107,115,117,128,136,138,141,151,154,167,184,188,194,195,197,208,210,211,214,222,229,258,265,268,272,278,283,285,293,301,310,311,313,318,323,335,341,343,355,381,390,397
20,28,72,98,116,132,140,150,160,169,194,213,214,219,228,232,243,255,263,270,272,283,285,288,298,307,312,321,322,323,326,346,348,349,372,390
43,47,213,234,242,251,253,259,265,270,289,332,356,382
43,44,172,214,216,242,270,272,284,291,309,379,389,396
2,15,42,62,67,79,82,91,103,120,121,132,136,138,144,182,189,196,197,201,204,206,210,212,243,247,248,253,255,256,262,264,271,273,277,281,286,287,296,305,315,322,328,347,356,358,370,377
40,66,70,73,74,79,90,94,96,109,125,126,134,139,155,166,168,175,177,188,202,206,210,213,223,230,231,232,243,249,256,264,276,291,299,300,306,318,322,346,350,367,370,375,384,394
7,15,19,29,77,87,114,134,145,149,169,181,184,185,192,203,224,229,230,238,240,244,254,255,262,276,280,285,316,326,333,338,366,372,375,376,381,398
54,103
2,8,12,22,33,35,38,44,67,82,85,87,89,90,98,99,111,138,144,152,153,161,169,175,176,189,201,212,218,219,229,235,244,252,258,276,280,286,289,302,331,335,354,357,363,367,371,377,382,387,388,389
35,46,51,174,185,188
52,55,61,63,73,81,99,103,112,115,123,141,145,149,168,180,184,188,190,191,194,212,215,219,229,251,281,284,288,291,292,295,304,305,310,311,316,318,320,332,333,339,345,346,381,383,386,394
7,14,38,46,52,67,72,77,81,83,87,91,109,119,122,123,142,165,172,177,181,183,192,194,200,208,219,223,255,256,258,268,271,272,275,285,287,294,295,304,319,324,329,334,339,345,349,359,365,368,370,383
16,17,20,30,31,38,40,56,59,62,67,95,145,152,158,160,166,191,192,198,205,207,222,224,227,240,246,250,271,290,334,339,343,346,354,362,368,373,375,399
1,2,30,42,76,97,104,113,116,129,130,131,146,148,150,183,185,201,214,223,232,236,247,257,260,271,275,280,281,284,290,301,359,360,373,377,388,399
19,30,41,75,77,82,83,91,92,95,97,103,104,107,119,123,134,182,192,196,200,228,231,233,234,235,252,258,267,274,279,284,293,296,297,298,311,313,328,329,335,336,337,344,358,364,382,384
15,42,43,54,61,68,73,76,93,148,160,195,198,215,253,260,275,289,300,313,320,343
2,16,20,38,42,45,82,116,119,123,139,150,154,182,188,189,201,217,238,253,266,278,279,294,296,300,307,325,336,346,362,366,386,390
25,36,46,52,66,67,90,147,179,183,185,204,217,235,242,253,268,283,298,303,312,320,323,338,349,384
0,1,15,27,29,38,51,59,84,87,99,119,135,218,243,270,274,283,327,330,344,381,383,394
1,9,11,30,33,42,47,72,73,317
4,8,14,15,25,30,34,36,51,66,70,76,78,134,157,162,187,207,244,272,371,379
7,21,43,59,73,76,154,169,179,231,234,236,275,307,312,321,342,357
26,44,80,88,124,140,154,155,159,161,164,168,171,211,213,216,217,241,243,258,260,290,295,308,338,339,345,353,378,386,392,394
34,52,54,70,107,118,150,169,187,190,192,200,210,232,244,256,291,346,371,378
12,34,40,88,92,94,186,198,238,245,253,332,344,347,348,353,389,395
38,42,43,45,68,70,73,80,171,226,291,309,386,394
3,36,38,45,84,86,102,106,117,125,143,145,176,177,186,203,218,219,235,237,249,254,295,297,299,312,318,321,323,326,327,328,329,343,349,350,353,354,371,376
42,70,94,103,118,127,139,194,195,220,231,243,247,250,255,257,259,263,264,267,271,275,281,290,319,346,350,352,366,369,371,378,385,396
26,30,34,62,67,70,79,96,105,133,143,145,147,148,150,152,155,166,189,201,213,237,241,249,250,253,255,266,282,286,289,299,305,310,314,315,316,318,321,322,329,332,345,353,354,365,371,373,374,381,382,383,384,396
11,12,19,36,66,73,76,102,114,152,311,316,331,346,376,388
0,4,8,17,19,20,37,59,62,76,86,108,116,125,167,178,190,202,228,237,257,338,369,370,390,392
4,40,45,60,61,77,98,100,106,114,119,123,124,128,132,133,155,162,166,174,184,185,188,189,197,201,203,206,222,228,230,233,239,251,253,265,280,281,284,289,290,299,310,326,334,338,347,356,357,361,367,379,389,391
2,11,23,38,44,67,86,89,102,107,109,113,115,168,178,185,194,199,200,205,245,249,250,256,266,275,279,280,284,307,320,328,329,352,359,365,372,392
3,35,74,76,98,105,128,133,141,147,167,178,195,200,206,211,218,223,228,237,238,245,250,256,266,299,301,320,322,346,352,355,357,363,390,394
4,18,26,29,55,67,90,161,218,256,279,298,305,319,321,339,360,399
10,15,46,62,75,76,146,188,281,286,299,338
10,17,34,41,63,70,93,95,105,114,118,128,135,141,147,148,154,158,174,177,183,184,223,227,245,249,259,260,264,266,289,305,322,325,337,345,357,366,393,394
17,26,35,70,72,80,101,118,121,132,146,154,160,162,164,178,184,194,196,205,225,226,254,264,268,281,305,306,352,377,393,398
4,9,12,17,28,93,102,110,114,116,121,122,135,143,145,149,150,152,165,192,193,210,220,225,227,232,246,247,249,256,261,275,278,284,289,293,306,322,325,329,338,342,343,358,360,363,368,371,380,384,387,398
5,21,25,45,99,106,107,110,122,144,159,164,165,168,170,172,188,199,207,212,222,225,227,231,238,274,276,301,303,325,332,342,343,346,349,390
5,24,29,34,46,59,88,91,94,100,110,112,119,123,131,159,160,190,196,197,200,206,217,218,227,237,238,263,265,270,273,274,278,284,295,306,315,328,351,352,358,359,374,392
2,15,25,41,42,44,66,69,72,76,89,107,111,114,124,128,138,141,151,153,156,173,174,177,210,216,219,224,232,261,267,268,278,281,287,292,312,335,337,344,351,354,357,362,368,370,381,384,386,396
7,36,46,56,75,76,105,108,115,123,132,135,143,144,150,153,160,166,172,174,178,179,190,208,212,226,228,232,237,244,247,254,272,288,293,301,326,328,329,331,344,361,376,389
90,95,98,104,121,122,145,153,160,180,206,211,214,218,227,232,233,238,239,241,242,244,250,268,270,280,283,284,287,288,291,304,314,318,319,326,333,338,342,346,347,354,356,357,359,362,371,373,377,382
10,43,46,51,88,93,101,118,120,122,129,140,143,146,159,163,164,166,167,168,169,177,204,207,208,213,215,218,228,240,242,276,278,288,290,292,296,300,318,321,325,338,347,350,357,361,372,374,376,377,381,388
1,4,7,26,27,30,32,62,76,85,94,101,103,115,120,125,129,145,151,175,193,199,204,214,215,218,226,229,233,234,236,255,259,276,278,280,289,290,294,301,313,315,323,324,342,346,348,353,365,366,372,383,392,393
7,27,92,104,124,138,140,165,173,240,266,317,324,343,360,367,388,390
20,35,67,73,94,125,126,132,142,155,156,159,163,175,176,183,184,190,201,210,211,217,223,225,226,227,234,235,241,251,267,268,298,302,303,314,319,327,330,334,337,339,342,356,362,372,377,387,388,397
29,34,47,100,101,102,119,122,187,195,200,210,221,235,245,279,281,282,348,376,388,396
28,56,60,70,103,162,168,200,201,207,259,285,341,369
0,11,12,13,15,33,35,54,72,102,125,149,150,155,186,196,208,213,230,237,246,256,276,285,293,312,313,326,339,341,365,372,392,399
0,33,38,48,52,54,57,75,94,134,159,173,194,200,225,228,241,242,270,280,292,315,334,335,349,353,355,357,359,372,374,381
12,54,68,91,93,98,100,103,127,157,162,169,177,185,200,204,224,233,264,276,281,287,293,295,300,302,319,326,336,338,355,368,374,378,395,397
22,25,28,34,43,47,62,72,94,104,107,116,118,119,127,130,134,135,144,148,149,150,153,163,171,178,190,192,193,194,196,197,224,225,231,244,273,275,298,311,313,314,325,331,339,356,357,374,376,384,386,388,389,391
18,40,46,51,57,63,75,78,92,100,115,129,134,144,147,151,155,183,191,199,203,226,237,244,245,250,260,280,308,316,335,344,349,368,391,397
8,27,31,49,62,88,129,138,141,144,155,158,161,164,175,177,184,189,197,200,203,208,209,210,212,214,224,225,233,236,237,240,263,272,280,295,310,314,318,319,327,333,341,354,370,378,382,388,397,399
30,57,61,85,89,98,99,106,115,131,183,217,229,241,270,305,319,332
11,25,38,44,73,76,78,80,93,102,110,115,126,127,130,133,172,177,204,218,223,228,242,251,268,269,270,277,290,293,301,323,353,356,380,381
10,12,20,29,36,47,61,66,106,107,124,133,148,150,165,168,176,195,204,213,215,216,218,220,224,226,233,234,235,240,242,249,263,268,271,290,298,302,304,310,312,322,326,347,348,349,358,365,375,381,384,391
7,8,10,23,26,60,66,99,100,105,128,133,139,148,196,197,219,226,235,241,242,248,250,252,255,256,289,296,309,310,318,322,334,335,336,342,349,361,373,377,380,395
22,40,42,73,100,101,105,106,110,128,131,132,136,138,151,157,158,163,165,167,169,176,177,178,179,183,185,193,233,243,254,259,262,265,266,269,277,285,293,319,337,342,344,345,349,351,354,355,360,364,377,382,386,389,390,391
4,20,30,72,73,76,78,93,102,104,128,135,157,162,164,174,177,184,189,210,232,240,249,300,328,345,361,388
1,4,15,21,36,40,84,93,103,108,120,135,144,162,182,196,213,219,223,236,246,247,266,319,331,362
1,42,43,49,52,67,88,92,107,109,112,131,143,177,187,193,197,203,208,214,218,233,234,239,246,248,254,265,268,294,295,300,306,318,326,334,337,350,352,354,355,364,366,385,392,394,396,399
3,8,9,20,47,51,67,109,119,127,133,157,158,161,165,168,169,173,177,184,197,199,201,213,230,235,240,246,259,261,270,272,285,287,288,291,294,298,302,305,311,319,321,342,344,354,363,378,389,391
4,8,10,28,29,39,41,48,55,89,114,115,119,126,139,157,181,197,200,244,247,271,274,282,309,328,347,366,373,376,378,382,384,398
7,10,27,28,42,43,61,62,93,95,98,103,121,122,123,129,130,136,138,149,158,171,177,178,188,210,222,223,227,233,237,242,245,254,275,276,279,283,291,294,307,308,313,322,340,343,346,351,378,386,388,389,394,396
0,25,33,38,43,54,75,106,107,116,117,128,130,138,143,147,157,177,182,185,186,189,202,203,206,212,214,222,234,237,241,242,250,267,290,297,299,300,303,315,319,328,329,330,331,332,346,365,366,374,379,383
4,33,40,75,115,119,128,129,137,160,169,173,174,176,177,190,192,193,198,206,212,214,216,217,239,241,242,256,265,270,273,292,300,303,308,323,325,329,333,334,336,343,353,365,373,377,379,389
38,44,45,46,53,56,75,102,118,122,125,133,141,159,169,176,213,214,218,221,225,243,265,292,294,316,339,346,355,356,385,389,394,398
34,54,56,63,66,93,99,104,109,122,178,197,224,258,305,317,338,347
19,25,34,42,48,58,61,90,93,95,119,120,121,126,131,167,188,191,212,226,233,239,240,258,273,285,291,299,309,327,380,394
4,8,20,26,33,35,36,40,42,45,54,58,67,68,76,82,113,115,116,139,144,156,159,168,178,183,190,194,201,214,223,226,242,247,250,253,254,255,259,262,263,269,278,288,290,304,311,321,324,341,343,353,356,361,362,371,372,373,375,378,386,387
1,38,44,58,80,98,100,104,115,123,124,144,150,160,169,175,176,190,191,192,208,222,232,243,255,258,270,276,280,281,285,295,300,306,311,315,324,325,328,331,341,352,355,361,364,387
3,6,26,41,56,62,66,122,128,140,145,149,150,173,174,181,183,188,198,205,211,213,218,222,232,235,239,252,273,275,279,294,299,306,315,317,320,327,331,355,364,374,375,376,382,389,390,399
26,36,41,55,130,138,145,156,160,173,175,186,188,192,194,197,203,205,209,212,214,215,219,226,230,238,243,246,247,250,251,270,271,277,302,303,305,320,327,339,347,348,364,367,371,372,380,392
11,31,42,56,62,66,70,103,108,117,122,128,129,137,141,144,154,155,157,162,170,209,210,212,215,220,223,225,230,248,251,255,274,275,280,282,294,296,304,307,312,328,330,335,338,345,348,351,357,362,363,371,380,389,392,393,395,399
35,56,67,78,89,121,127,134,140,149,238,247,277,325,330,339,352,370,386,395
7,26,42,43,63,84,106,108,136,139,148,149,208,227,245,259,325,371
3,4,19,45,62,72,95,98,103,117,131,138,147,155,159,163,166,173,194,197,199,203,209,214,238,247,249,250,256,259,266,269,283,287,290,307,308,313,319,322,324,327,338,346,347,353,367,369,382,384,398,399
17,28,42,58,73,109,143,148,149,151,171,189,192,198,206,214,223,225,227,229,236,237,239,243,245,247,248,249,251,260,268,272,275,277,278,280,286,306,312,315,317,320,331,348,364,365,367,368,378,383,385,399
1,28,51,88,90,100,104,106,125,129,142,153,163,168,185,204,228,249,269,271,297,298,304,337,343,347,360,387,392,394
8,9,35,36,42,54,66,70,101,104,115,116,117,124,134,135,138,163,179,200,255,263,264,277,288,293,301,303,316,346,370,373
4,7,13,42,52,57,68,72,74,88,90,100,105,107,136,137,146,155,157,160,163,175,190,201,219,243,250,286,290,301,306,308,314,318,323,343,346,347,349,360,373,392
2,21,26,42,75,97,99,106,145,170,267,344
79,90,95,98,116,129,141,177,219,222,289,339,365,373
9,26,30,38,42,75,77,90,98,115,120,121,140,142,169,174,176,196,198,201,231,239,250,255,261,262,281,303,311,335,355,369,375,384
11,15,26,31,34,38,47,68,72,100,112,115,128,136,139,140,142,177,206,231,240,283,324,391
9,47,54,59,63,75,78,85,90,100,104,112,115,120,135,136,161,165,176,181,185,191,192,199,200,209,212,213,217,221,225,227,238,245,254,257,259,261,273,276,284,298,310,315,322,325,340,346,348,359,371,379,381,385,392,399
28,41,43,62,103,107,116,122,142,152,162,177,181,182,184,187,197,205,208,212,217,218,236,244,246,251,253,258,264,265,273,276,281,288,289,294,298,305,308,332,343,346,348,350,353,354,355,359,360,363,368,377,386,395
27,34,38,46,61,70,74,90,91,100,151,153,156,160,187,196,227,245,280,299,329,344,362,373,375,381,382,383
8,28,43,70,103,104,105,115,143,152,179,183,191,209,214,217,232,234,241,244,245,247,259,264,277,279,293,317,318,322,325,328,333,334,348,354,363,375,376,378,390,393
4,10,16,19,30,45,61,62,78,83,84,98,99,138,157,186,204,210,214,217,228,230,256,260,268,270,285,291,332,341,348,353,355,362,366,389,393,395,396,399
2,13,67,84,90,93,109,112,116,117,138,141,145,157,163,168,172,174,189,204,214,222,228,229,231,233,236,253,254,255,256,257,267,273,275,280,294,298,304,315,316,322,326,328,332,335,338,344,345,347,350,351,355,356,386,388
4,17,29,30,33,40,44,55,103,109,134,137,152,170,182,199,217,225,366,377
3,10,11,23,35,36,45,82,114,122,123,126,127,129,138,145,154,155,161,167,173,178,183,192,198,201,206,215,218,227,228,229,238,240,248,250,253,259,265,274,277,281,289,294,301,308,313,315,316,325,327,333,336,339,356,371,380,383
0,3,10,11,13,19,28,30,31,42,46,52,74,98,117,122,126,128,172,195,227,276,376,381
4,8,12,20,25,42,55,60,84,101,102,106,109,113,131,134,141,169,178,179,181,186,200,203,221,224,232,234,236,237,240,249,250,253,261,263,266,270,281,293,297,303,304,306,308,321,324,327,333,334,337,338,340,348,349,350,362,365,382,386,387,398
8,10,19,36,40,43,63,74,77,99,102,104,105,130,135,137,145,152,161,164,179,184,187,190,197,211,212,216,218,219,228,244,247,250,256,259,262,263,266,271,272,282,283,287,293,294,297,298,310,318,320,343,348,349,356,358,383,387,398,399
2,3,10,23,52,54,58,70,84,96,117,126,150,157,160,164,170,171,181,205,210,212,213,217,222,226,227,233,238,239,255,264,267,281,282,293,296,302,312,328,337,346,350,351,356,358,382,387
1,17,48,82,93,99,111,114,123,124,138,151,170,202,206,215,245,274,290,311,326,327,337,338,343,377,378,379,385,389
1,20,25,33,36,42,106,109,115,122,141,143,144,145,155,178,190,220,224,237,239,241,264,280,288,289,312,319,337,344,350,371
28,41,42,45,84,99,101,106,117,123,160,161,168,170,179,184,195,198,201,208,210,214,221,243,247,253,254,272,281,285,312,317,321,323,330,340,342,345,351,360,368,380,381,398
2,4,8,23,43,51,73,100,101,108,120,122,126,150,186,193,196,197,198,205,215,216,217,221,237,246,254,258,262,301,305,307,311,322,324,334,344,351,363,372,379,386
14,25,34,38,47,52,67,74,90,93,104,106,141,168,169,190,191,206,215,217,225,227,240,241,242,244,249,250,260,263,267,268,269,272,276,282,286,288,290,292,296,307,311,312,317,319,324,326,328,329,331,334,340,349,352,361,371,384,390,394,395,397
19,42,62,92,95,106,122,133,157,189,209,219,228,238,247,260,293,325,327,328,343,354
29,40,51,67,72,84,94,101,106,111,120,126,134,143,155,164,166,173,180,199,234,247,258,280,325,358,365,398
8,30,41,63,68,70,83,85,106,114,122,126,130,131,135,148,159,166,193,302,321,364,370,397
1,8,29,35,38,56,101,138,146,156,161,162,164,178,179,184,188,191,192,200,203,214,217,220,227,232,233,245,251,257,260,264,269,270,272,283,287,290,291,294,298,304,308,310,315,321,323,329,336,361,377,378,381,387
54,84,87,115,128,142,161,323
9,12,36,52,65,73,101,104,119,155,158,175,185,188,195,201,203,226,230,236,244,261,267,272,275,278,304,316,321,328,329,335,339,342,350,363,364,368,369,373,380,383,386,387,394,398
18,43,46,103,108,113,126,130,136,137,141,157,168,175,181,184,192,193,201,207,219,223,227,229,249,253,259,269,277,278,279,283,289,290,291,298,306,310,320,329,341,344,345,349,351,354,357,359,361,364,366,375,385,386,387,396
0,8,11,12,25,33,58,71,93,98,103,104,123,130,136,148,155,179,181,182,192,201,203,210,214,216,223,225,232,238,243,244,249,258,260,263,271,274,275,280,282,285,290,295,298,301,302,310,316,340,345,346,356,358,361,368,371,377,379,380,389,390,393,397
0,10,21,26,30,34,38,56,67,70,107,109,117,135,137,145,172,173,201,211,224,226,238,263,290,294,340,350,356,375,388,393
4,20,43,44,70,88,109,120,122,130,131,135,148,150,179,183,189,195,202,204,206,207,213,216,219,222,225,230,231,233,234,243,246,247,248,253,270,271,272,287,292,295,299,302,305,310,321,326,333,344,348,355,369,383,386,393
18,19,28,32,67,73,88,98,103,106,114,117,119,122,123,125,126,128,129,130,147,149,151,261,362,367
17,92,94,95,99,104,115,122,128,132,134,157,159,163,170,184,186,188,190,205,209,212,215,216,247,248,251,259,261,263,268,272,274,276,293,303,304,305,306,312,314,326,329,333,336,351,352,369,381,393
1,2,5,8,12,26,28,44,79,83,104,122,144,153,159,160,164,170,174,176,181,182,183,191,199,204,221,236,238,242,254,256,258,265,268,271,275,276,279,280,287,294,296,303,306,313,327,333,334,336,346,347,350,359,369,371,393,396
11,29,42,45,72,105,168,202,204,205,241,272,274,278,283,300,315,316,320,321,334,336,338,357,394,398
1,20,30,36,57,68,73,127,136,150,151,159,161,173,174,179,193,215,220,229,235,237,241,268,276,279,292,297,322,335,355,356,357,366
8,56,66,76,78,124,129,151,156,174,179,185,191,193,196,199,202,206,211,212,215,224,225,227,233,234,239,242,244,246,249,263,264,275,278,282,283,284,285,292,302,304,306,328,330,331,332,333,340,343,345,349,351,357,358,359,372,373,388,390
1,19,20,26,36,45,55,73,75,79,98,109,116,118,122,134,136,153,157,176,179,184,187,198,209,216,219,221,223,229,231,234,242,249,260,281,284,300,315,334,347,351,352,359,360,361,372,377
5,14,41,56,59,62,68,72,93,98,99,109,117,123,126,151,160,164,170,173,178,183,315,321,392,398
24,26,40,42,43,54,60,68,71,75,79,93,94,114,122,129,143,150,172,182,186,188,193,197,200,204,205,208,209,215,217,224,225,234,235,236,238,241,243,246,249,250,252,276,282,287,293,304,309,318,326,328,335,341,343,347,352,354,357,358,359,370,371,377,383,384,385,392
19,29,35,43,58,59,86,88,112,129,137,154,159,165,178,185,188,189,190,191,192,198,206,208,213,218,224,235,243,245,246,250,253,265,267,269,277,280,287,290,292,293,295,297,301,310,313,315,320,322,327,333,339,343,353,354,363,371,376,380,381,382,386,387,395,398
31,33,48,82,85,110,125,151,152,160,183,190,199,202,207,211,213,223,225,237,240,242,247,252,257,261,264,266,269,271,272,281,283,297,312,313,314,316,321,327,329,337,346,349,351,352,359,360,363,364,365,371,373,377,384,397
35,36,38,62,67,71,72,78,93,97,101,128,133,136,137,170,172,178,185,186,209,245,264,318,333,335,339,348,361,398
40,57,66,70,78,90,93,117,123,129,142,155,167,176,186,190,194,266,298,304,333,373
20,21,36,44,72,85,92,102,104,109,115,130,134,135,145,160,163,166,178,186,187,189,193,196,197,198,212,213,215,216,221,225,226,228,233,235,241,252,259,270,271,272,279,280,286,291,294,302,304,305,308,313,323,327,328,330,332,351,353,355,360,362,366,368,369,372,380,386,388,393,395,396
3,5,36,72,74,116,133,135,150,153,166,170,179,182,186,356,375,391
12,20,29,30,33,41,68,73,74,76,85,100,115,130,135,137,142,150,157,170,173,174,186,204,209,216,222,231,245,254,261,276,280,281,285,296,325,347,360,361,380,397
8,17,42,52,100,107,115,122,125,130,165,169,173,181,182,185,190,203,215,219,225,226,227,230,240,242,243,247,265,267,278,282,285,287,292,302,313,314,334,339,345,353,358,368,369,373,377,385
3,7,10,34,36,41,43,56,62,63,72,73,89,94,99,113,115,134,137,141,189,195,245,254,265,272,280,314,315,318,322,358,361,363,379,383
62,77,89,95,110,120,158,164,172,176,194,266
1,7,8,22,45,54,66,76,99,102,112,115,121,124,148,152,165,182,190,202,205,217,218,221,222,227,230,233,235,237,245,246,260,265,273,275,277,282,286,287,300,301,303,305,306,308,313,314,323,328,329,334,337,338,340,345,346,354,357,360,366,377,390,391,393,396
5,42,62,66,93,102,115,117,121,125,126,127,132,137,141,151,160,165,185,190,199,203,204,208,216,218,221,223,227,235,236,240,241,243,244,246,251,255,256,262,271,272,280,283,299,303,306,313,320,329,332,333,334,338,346,347,348,362,363,364,371,372,377,379,380,382,383,388,396,399
17,20,22,25,42,55,59,74,77,86,130,136,142,148,157,164,165,183,186,190,199,218,220,246,259,263,290,294,303,311,329,348,385,391
20,32,36,94,101,107,116,126,141,150,156,168,179,182,187,197,198,214,216,220,224,240,249,251,253,257,261,276,282,283,294,299,307,308,309,312,313,316,320,322,329,339,343,356,365,366,373,390
0,2,25,51,59,73,76,85,94,95,102,110,111,113,114,117,127,144,150,159,170,185,203,212,231,233,239,241,248,249,250,256,258,262,294,297,301,304,328,358,365,367,379,398
1,28,29,32,36,43,44,56,66,70,75,78,90,93,109,111,126,134,145,148,157,164,172,173,174,175,208,210,211,214,215,220,221,223,224,235,236,237,249,258,261,267,277,282,289,290,291,294,296,297,300,301,310,340,347,348,350,364,370,372,375,381,383,386,392,393,395,398
33,36,42,45,52,59,67,92,129,162,176,180,182,187,196,208,214,217,225,234,241,242,244,248,250,251,261,270,281,291,292,294,296,299,303,306,313,314,319,323,337,340,341,342,343,344,353,356,358,359,363,371,376,377,381,391,392,394
3,7,18,25,52,61,68,88,93,116,117,125,129,137,141,159,170,172,174,193,197,200,204,209,212,217,225,227,229,231,233,238,240,243,255,257,267,268,274,275,276,279,281,282,284,287,295,296,306,313,318,321,324,330,335,336,337,340,343,346,351,352,356,361,363,367,375,383,385,388,391,395
15,16,23,40,43,46,66,79,106,107,114,119,120,143,154,155,176,179,180,185,192,197,203,214
74,94,99,136,137,151,161,165,178,180,185,196,207,221,243,247,264,275,290,301,349,352,359,374
17,23,27,55,56,57,66,67,93,95,102,105,129,130,142,149,157,162,166,176,182,186,210,212,222,234,247,263,271,295,317,325,326,340,342,347,352,381,389,394
6,8,26,29,33,34,41,43,45,74,82,101,106,111,173,176,187,205,209,212,213,218,222,223,226,228,229,231,232,236,237,238,244,255,261,266,274,275,277,282,287,289,290,303,309,310,316,317,321,323,332,335,339,343,344,361,370,373,378,382,387,391,392,393,395,398
8,26,46,62,73,104,106,112,117,125,135,140,151,164,185,186,197,201,202,221,224,252,255,263,266,282,283,291,295,298,317,325,326,336,340,345,351,361,362,367,384,396
3,8,23,31,35,55,117,137,138,141,150,153,167,178,183,185,188,192,203,207,210,215,216,217,218,220,230,231,237,238,246,248,255,259,266,267,270,271,273,274,283,290,296,297,302,303,310,311,312,319,320,327,328,333,338,340,345,348,353,366,370,373,382,385,390,393
4,7,20,23,38,56,62,66,67,85,100,103,109,110,117,123,128,138,154,161,164,174,201,206,209,226,247,248,276,290,317,355
3,21,22,26,62,84,95,105,109,136,160,175,182,187,201,240,247,262,271,286,292,295,299,310,325,329,338,355,386,397
20,28,36,40,43,66,70,72,101,104,117,129,130,133,137,138,150,151,160,161,178,182,190,200,203,206,207,214,219,235,240,250,253,256,260,262,268,269,270,273,275,277,283,284,286,287,291,296,302,303,307,309,314,315,316,323,327,328,330,331,332,334,336,337,340,342,344,348,352,354,367,381,384,388,389,390
16,51,54,63,64,67,84,90,106,112,120,124,126,131,136,150,161,176,186,187,190,207,233,238,248,258,270,288,290,292,294,295,296,313,335,336,340,362,366,372,392,399
0,2,9,10,20,30,61,62,63,65,75,105,107,117,125,129,130,131,134,137,141,142,153,154,155,164,170,174,199,201,202,204,212,218,233,235,245,253,254,256,263,266,268,271,272,288,290,294,297,301,302,303,305,306,309,312,315,316,317,318,325,331,333,337,353,355,356,358,361,369,374,377,379,380,381,382,390,391,393,398
42,44,72,77,106,107,120,137,138,157,162,165,166,178,181,182,185,190,193,201,209,222,233,240,250,260,286,289,291,292,302,319,320,321,328,334,343,351,358,360,364,370,372,374,375,380,385,395
6,17,26,44,58,65,84,103,120,130,160,165,174,176,178,183,190,192,197,199,209,240,241,264,268,275,277,300,301,308,311,322,324,328,331,334,337,343,359,366,370,373,382,384,395,398
7,42,46,59,78,79,84,102,109,118,130,150,151,153,154,156,161,165,166,170,185,196,202,203,209,218,225,227,235,239,261,269,285,290,300,301,303,318,319,321,337,347,352,387,389,391
4,5,11,26,59,70,80,88,95,96,102,105,106,107,119,120,125,131,136,151,157,160,186,196,197,198,207,209,214,217,230,233,250,263,272,281,294,296,309,311,323,370,375,376,386,392
5,8,19,38,56,63,70,72,73,88,103,121,124,137,145,147,160,167,173,176,183,193,212,220,225,237,253,259,267,295,300,305,306,308,313,321,322,323,346,354,359,364,372,378,385,399
2,3,5,15,22,44,46,89,100,120,138,163,170,181,198,199,201,209,219,226,232,233,245,249,250,251,254,263,264,282,283,284,299,307,317,322,335,336,340,341,357,358,360,363,368,370,377,378,388,389,391,399
27,38,52,110,131,150,159,164,165,179,183,190,196,197,201,205,208,307
15,21,34,43,44,46,62,74,93,101,128,129,135,136,147,155,161,176,192,196,206,207,215,228,242,273,275,290,298,300,314,326,337,349,350,353,355,364,370,373,377,378,391,398
4,25,42,43,51,55,61,67,73,75,95,98,109,119,124,128,134,138,142,173,174,183,187,197,201,207,225,228,238,239,241,243,270,271,274,283,285,286,292,293,303,309,311,313,317,343,355,370,373,387,391,395
23,25,31,35,53,56,68,74,103,114,115,117,120,132,159,163,175,182,185,186,199,201,208,234,241,243,249,252,264,267,271,274,277,278,283,284,285,287,302,303,314,316,317,323,324,325,328,330,331,333,334,335,338,340,346,353,363,370,377,378,379,382,387,391,392,394
7,15,28,46,51,54,99,100,101,109,113,115,117,131,138,142,150,156,166,174,176,182,185,187,190,193,202,203,217,219,223,232,238,239,240,260,267,274,275,280,288,298,300,313,317,324,329,330,339,345,360,362,363,368,373,374,390,398
4,15,28,30,33,35,41,87,99,104,107,109,116,120,121,133,134,137,161,172,175,190,193,207,210,220,227,229,236,252,253,255,257,258,262,266,279,282,283,288,291,298,302,309,315,316,318,319,324,331,333,335,336,337,345,348,349,374,376,382,384,387,388,390,393,396
8,10,15,30,33,74,98,100,101,102,105,109,128,140,142,150,152,157,158,161,166,170,173,182,193,196,197,203,217,226,246,249,252,267,277,280,318,323,335,337,362,364,366,377,379,380,384,394
2,4,5,19,28,37,56,58,63,76,92,93,95,104,106,113,119,143,154,155,157,160,167,190,207,222,223,233,248,267,269,273,279,280,287,290,292,293,294,295,296,300,306,317,319,321,328,329,331,334,337,345,348,349,350,355,356,365,374,383,388,391,394,399
3,14,33,62,68,70,72,107,118,142,155,157,173,181,183,203,207,226,230,253,264,267,295,299,316,318,322,326,335,337,373,390
20,34,37,47,51,57,67,68,93,112,126,137,138,154,172,176,193,196,209,218,229,236,239,240,244,251,252,253,255,258,264,265,270,273,282,284,285,287,292,300,301,306,318,323,326,328,329,333,334,337,343,344,348,353,354,359,363,377
0,1,8,33,43,47,67,76,83,89,101,115,148,149,155,176,183,192,200,203,207,209,249,254,258,261,289,293,298,301,316,317,325,330,340,341,342,347,349,351,356,371,378,383,390,391
13,38,43,46,60,63,67,75,85,100,103,104,105,123,135,136,153,159,170,174,207,220,225,235,238,242,243,244,251,260,262,268,271,272,273,281,285,300,302,308,315,317,318,319,320,323,326,332,338,339,342,348,353,359,369,376,381,383,385,388,396,398
1,3,36,39,56,76,93,105,107,114,117,120,122,125,128,133,155,161,170,176,182,190,196,200,203,213,214,215,218,220,228,246,261,264,266,272,280,289,331,339,342,347,353,359,376,395
1,11,28,33,43,64,76,83,107,109,120,125,129,153,159,168,176,182,183,185,202,206,224,252,264,278,279,284,287,288,297,300,304,325,344,349,361,376,380,396
1,33,70,76,79,88,109,110,120,121,126,136,181,185,186,190,196,197,201,212,214,217,232,248,273,306,318,331,338,378
7,12,32,44,49,56,75,83,107,117,124,142,151,155,159,172,179,185,197,201,207,226,230,254,260,261,266,267,273,276,285,288,289,295,298,301,305,307,311,316,319,320,321,322,335,338,341,345,348,349,351,358,359,365,377,378,379,382,384,389,391,397
4,19,26,40,88,90,92,95,102,104,112,116,117,128,129,142,159,163,165,181,187,196,201,207,209,219,238,244,248,251,263,277,298,325,326,329,340,342,347,390
9,51,56,68,78,86,95,101,102,105,137,139,141,150,157,161,167,174,175,179,185,203,207,209,213,223,225,232,237,242,247,248,253,257,259,262,274,275,278,297,307,309,311,313,317,319,320,322,325,329,334,335,336,338,340,342,349,355,358,362,363,366,371,376,378,380,385,390
1,8,29,35,93,105,125,130,133,136,142,148,161,163,182,200,217,223,225,230,269,275,290,378,382,389
10,29,46,68,74,106,108,117,120,123,126,133,149,157,159,166,187,193,197,199,203,211,212,215,216,225,230,241,242,244,246,249,253,256,262,263,266,271,275,278,283,288,291,296,300,307,308,318,322,327,328,337,343,351,356,360,363,365,368,371,374,378,379,383,389,390,393,397,398,399
33,46,61,84,90,105,109,113,118,121,129,130,153,163,166,180,181,185,190,197,200,202,216,223,224,240,242,255,258,265,269,285,289,301,303,305,309,311,312,342,344,350,351,359,376,377,378,396
20,38,57,64,65,79,105,106,113,119,120,121,128,129,130,134,166,179,182,183,187,193,202,222,232,238,240,241,274,360
3,21,46,63,66,67,80,84,89,122,131,135,137,142,145,164,174,176,185,186,193,197,203,205,223,224,232,247,249,254,255,266,267,271,272,273,275,277,278,282,291,294,295,297,298,302,305,306,307,314,318,319,322,325,326,328,332,333,334,338,339,343,345,351,355,363,364,365,368,369,372,375,390,392,397,398
8,11,21,24,28,29,34,36,38,44,45,68,70,82,85,104,105,115,116,127,151,153,160,166,172,174,182,197,202,207,230,232,237,240,246,247,256,257,261,262,272,275,277,280,285,286,292,298,300,308,310,312,315,317,319,328,329,331,335,342,350,351,352,358,359,361,378,386,392,396
8,12,28,29,41,43,45,86,94,95,98,110,116,128,140,142,150,152,153,162,170,186,188,192,194,196,214,220,252,259,270,282,285,286,289,296,301,303,305,318,324,326,353,357,360,370,378,387
11,20,22,28,29,30,36,56,74,100,112,124,125,126,137,151,165,176,182,185,186,196,197,198,209,227,233,240,244,247,248,252,255,257,259,262,268,274,276,279,280,281,285,286,288,289,290,292,295,298,300,304,308,309,334,336,338,344,345,349,355,356,357,361,363,365,371,372,377,384,386,393
33,51,66,75,89,100,104,124,127,134,137,139,141,142,153,160,164,167,168,176,178,187,193,205,206,210,211,238,243,244,246,250,260,273,289,332,357,360,362,398
3,54,66,121,125,138,142,157,176,178,200,202,209,210,213,228,235,237,238,246,298,306,337,341,374,395
67,88,90,94,98,100,120,123,141,142,143,159,166,173,174,182,183,185,199,200,201,220,224,227,231,240,243,254,256,267,270,273,278,279,284,289,290,298,301,308,309,310,311,312,314,321,325,331,339,341,344,351,354,355,365,368,370,372,375,380,382,386,388,390
8,31,35,74,89,90,94,95,105,116,121,129,134,137,141,145,148,157,159,160,166,185,186,200,202,212,215,218,220,247,255,256,257,265,269,288,315,316,340,343,395,396
35,43,64,72,93,109,119,137,138,142,151,170,178,197,199,202,220,230,232,237,259,260,263,265,277,278,284,294,305,313,314,323,326,329,331,335,339,349,350,362,368,376,379,388,391,395
28,44,70,76,121,136,185,187,190,208,224,226,227,230,234,245,246,255,257,258,262,265,269,277,278,279,294,303,310,321,331,332,333,337,340,341,353,356,357,362,367,369,376,377,379,380,381,384,385,387,389,398
0,3,44,45,46,52,64,66,77,78,79,86,90,93,134,151,155,157,159,164,173,176,186,199,212,214,219,226,229,230,238,240,254,255,259,260,273,275,277,282,283,285,286,287,288,298,301,305,307,308,311,312,316,324,325,337,342,343,345,349,356,359,362,364,365,366,367,369,370,372,377,380,381,387,394,396,398,399
26,29,68,88,99,104,122,125,128,134,150,155,164,165,179,192,194,214,220,231,236,243,249,253,302,319,365,395
9,17,38,63,66,68,73,89,90,107,121,134,135,138,144,148,155,161,197,203,207,208,209,226,230,241,243,246,250,252,253,272,279,290,291,304,312,321,336,339,349,356,384,390,395,396
8,17,20,26,30,52,66,67,73,85,94,95,96,100,112,121,130,141,154,155,160,179,197,200,212,214,240,244,249,250,258,262,265,269,271,280,292,293,294,297,300,307,309,311,312,314,317,318,319,320,324,326,327,328,329,333,334,338,342,346,348,349,354,357,358,360,362,364,370,376,377,378,379,380,383,386,388,389,393,395
1,9,21,23,24,46,57,75,89,92,150,155,170,187,199,203,226,238,244,246,250,252,262,265,269,275,291,292,309,315,316,331,349,363,370,376
3,23,33,36,43,61,62,70,73,76,84,132,133,135,151,165,168,174,179,200,201,213,226,230,231,241,252,256,267,270,275,278,279,280,281,283,285,290,291,293,294,296,300,302,303,305,307,310,312,313,318,319,324,326,329,331,332,334,338,340,342,344,350,356,362,364,365,367,368,371,381,386,387,388,391,398
3,35,38,52,56,64,89,98,107,111,122,126,134,140,141,150,153,157,160,173,178,190,198,209,219,238,245,246,251,253,270,272,273,283,287,331,341,346,374,375
28,51,59,75,77,84,98,116,142,154,166,167,170,174,183,196,212,215,225,232,236,247,251,253,262,267,271,281,282,286,289,291,295,303,309,312,317,318,337,341,342,348,349,360,363,366,376,379,390,394
5,12,13,23,25,100,103,126,148,150,159,172,177,178,187,192,199,201,202,207,217,231,233,236,244,280,284,303,318,321,345,364,367,369,380,386,387,394
25,66,68,122,134,148,160,165,197,200,211,212,226,232,238,240,244,246,252,256,257,260,264,267,269,271,272,277,278,285,287,289,293,295,299,307,308,313,318,319,320,326,333,336,339,342,345,347,349,350,354,358,359,362,363,365,369,374,378,379,381,387,389,390,391,392
4,42,63,89,102,117,120,134,144,159,160,166,174,175,178,182,198,206,208,214,218,220,237,240,251,268,269,274,276,279,283,286,288,292,298,301,302,304,307,311,312,316,319,325,333,336,342,346,347,349,351,355,362,363,368,377,389,391,393,398
19,22,23,30,44,66,67,89,98,99,114,144,151,153,161,163,170,182,187,188,205,216,220,224,229,230,233,234,262,266,267,272,273,274,277,279,282,284,285,288,292,300,302,303,307,310,311,313,315,316,318,322,328,336,337,338,339,340,341,342,344,348,349,353,356,362,368,370,371,373,381,385,388,389,390,393,395,396
12,15,26,31,52,62,64,93,102,122,125,130,131,151,157,179,186,193,194,196,230,241,250,251,252,256,257,267,269,271,273,274,278,281,284,288,290,298,299,301,305,306,313,318,327,332,336,338,339,344,346,347,349,354,362,365,368,374,378,379,380,383,384,386,389,392,393,394,396,397
0,1,34,40,41,78,90,94,95,98,108,122,124,141,159,160,187,189,195,207,208,209,214,226,233,236,240,243,264,270,273,276,283,284,286,288,292,293,296,297,302,304,307,311,313,318,323,324,326,327,328,329,332,334,337,339,348,349,351,352,355,356,360,361,363,364,371,372,379,380,381,387,389,399
2,6,11,18,31,76,89,103,109,129,146,155,161,166,172,186,193,201,203,209,219,224,225,227,228,229,236,243,249,258,260,262,264,265,268,269,270,271,273,274,275,277,279,284,286,288,292,298,301,302,305,306,308,309,321,327,328,334,346,347,348,349,356,358,359,363,370,371,372,375,376,379,382,388,396,399
5,20,42,44,47,62,73,79,99,103,105,109,119,120,125,142,154,166,178,179,181,203,212,214,216,232,246,263,267,272,274,285,286,293,296,298,308,310,311,312,328,334,336,340,341,348,351,352,354,358,359,361,362,372,378,382,384,394,395,396
19,36,40,47,53,119,122,134,141,143,166,170,173,186,187,212,217,228,239,241,250,252,256,257,262,263,265,267,271,273,274,275,277,279,283,285,287,293,294,299,302,304,310,314,315,316,318,323,338,340,341,344,345,348,352,354,355,356,357,362,363,364,367,368,371,374,375,379,380,381,383,387,390,395,397,398
8,16,17,26,35,36,38,44,46,58,63,64,65,80,102,105,113,118,119,126,130,135,137,154,159,170,176,190,202,209,212,213,223,230,245,249,258,259,266,267,273,277,285,286,289,291,294,306,307,310,317,321,322,323,328,329,330,333,334,337,342,344,346,347,348,352,366,367,368,369,375,377,380,389,390,399
7,14,20,25,47,61,66,73,74,75,89,120,127,137,143,160,174,176,179,187,190,197,206,209,211,214,223,224,232,240,243,256,260,262,265,267,269,274,275,279,285,288,293,295,310,312,320,321,328,333,337,338,339,340,346,347,352,355,362,364,365,369,371,372,373,375,377,380,381,382,388,389,391,392,394,395,396,398
34,42,62,63,65,73,82,104,117,126,142,160,164,166,170,172,176,178,180,187,190,194,197,214,218,232,233,243,244,255,259,262,264,268,274,283,288,342,347,355,357,372
7,26,34,61,66,102,115,130,133,136,150,151,155,196,209,212,222,228,230,232,235,236,243,247,249,253,259,264,265,266,267,269,270,277,278,283,286,291,294,306,313,314,315,322,328,334,356,359,361,363,374,381,385,387,393,398
23,43,45,54,76,80,101,102,127,138,157,162,174,178,180,203,207,209,223,224,225,238,242,246,263,264,265,267,268,269,271,272,280,289,320,330,356,357,380,389
12,16,24,31,38,41,55,73,75,77,83,89,94,100,115,128,136,138,142,155,172,174,179,182,196,203,205,207,212,216,222,225,238,239,240,243,244,253,257,258,267,269,271,277,278,301,303,306,319,322,328,329,333,334,358,363,366,368,390,397
7,41,56,60,67,68,70,101,106,107,112,114,128,135,150,151,158,166,178,179,181,185,192,199,203,210,236,246,263,266,283,287,289,291,297,302,304,310,318,321,322,323,325,330,346,349,360,363,366,370,376,381,383,384,387,389
0,61,66,119,122,137,139,142,144,153,157,173,186,196,201,207,212,216,224,227,237,243,244,251,252,253,262,264,267,269,270,273,275,281,282,284,286,287,289,293,298,302,306,312,313,314,316,317,320,322,323,332,337,339,342,344,345,346,347,352,360,361,366,376,378,384,385,389,396,397
3,6,7,14,26,28,29,43,62,78,100,102,103,106,107,134,142,172,173,180,182,193,224,234,238,240,243,249,251,252,258,262,265,273,275,279,281,289,292,293,294,297,298,299,300,301,303,307,308,309,313,314,321,324,325,332,336,337,340,341,342,354,355,357,361,371,374,378,381,382,383,385,387,389,392,393,394,396
26,28,41,44,76,78,94,96,110,128,136,153,173,179,181,190,203,226,228,234,246,249,252,255,258,263,264,267,269,271,278,292,297,302,313,315,329,349,368,371,390,393
0,21,24,26,42,68,70,75,93,94,105,107,113,116,117,135,138,142,152,155,163,168,174,179,186,190,192,194,197,225,227,228,233,244,246,256,258,261,274,287,288,291,292,294,299,300,304,310,315,323,326,329,330,338,339,340,344,349,353,356,360,365,367,372,376,378,380,391,392,399
3,6,33,53,66,72,75,89,93,97,99,103,110,114,135,148,151,157,159,161,164,183,187,192,202,203,218,232,246,258,260,265,277,278,282,291,294,302,316,319,351,371,375,388,391,396
4,18,90,110,127,138,160,161,166,174,182,185,193,196,199,201,203,207,208,220,226,230,243,245,253,260,264,277,281,286,291,300,302,311,316,317,321,326,331,336,342,349,355,357,367,377,382,391
16,30,34,44,62,63,79,80,105,128,141,149,160,170,173,180,182,187,197,199,208,209,212,220,223,224,226,240,253,258,259,263,266,269,272,273,276,302,303,304,308,309,313,325,326,338,342,346,351,353,358,359,361,365,368,370,381,382,383,385
3,25,43,47,48,54,65,72,75,76,93,94,100,102,105,150,182,183,203,212,220,224,230,234,249,251,261,264,265,266,267,277,285,290,291,292,295,297,300,306,308,309,310,311,312,318,320,323,327,329,330,333,334,335,337,343,344,347,348,350,354,358,359,360,362,364,365,366,370,371,378,380,383,384,387,388,390,392,393,396
2,20,26,28,43,62,63,68,73,111,112,122,126,133,135,154,164,174,182,192,193,217,223,224,230,232,236,241,244,245,246,253,258,262,264,268,269,270,271,284,289,291,296,299,303,305,306,309,311,312,327,330,340,347,348,351,353,354,356,357,364,365,376,378,379,381,389,399
12,28,40,54,66,70,90,97,142,145,166,190,196,211,212,215,223,244,245,246,253,260,263,266,267,268,270,273,277,282,287,289,294,297,299,300,301,302,304,306,309,311,319,320,321,322,323,328,331,332,335,342,343,344,345,346,347,360,361,362,363,373,375,376,378,382,385,387,388,394,397,399
10,36,44,66,73,103,105,114,126,141,160,170,176,179,185,186,193,196,203,207,212,224,228,230,234,253,259,262,269,276,277,280,286,288,291,297,300,302,306,307,309,310,318,319,320,322,323,326,332,334,335,339,340,344,349,352,355,357,359,362,367,368,376,379,386,387,389,396
4,17,31,63,72,104,105,106,126,134,144,151,163,166,213,214,225,226,234,236,240,246,250,253,263,264,265,266,267,271,272,280,287,291,294,296,297,300,304,313,318,321,322,329,330,332,336,337,341,350,354,358,360,364,366,368,369,373,375,376,379,380,381,385,386,389,390,395,396,398
12,14,43,56,64,70,77,90,93,98,100,107,121,147,151,157,163,173,201,207,215,231,233,236,241,245,246,247,249,260,262,270,274,276,277,278,285,286,292,293,297,303,328,331,338,339,349,351,353,368,374,375,384,385
1,3,11,41,43,51,74,75,84,89,93,106,107,119,120,129,134,141,145,162,166,170,173,174,175,186,198,201,205,207,209,210,213,214,217,222,228,239,246,249,255,258,265,284,390,396
55,65,67,72,85,87,105,126,128,133,154,170,173,190,201,202,208,212,215,226,240,243,255,257,258,260,270,273,276,280,281,282,284,285,287,288,307,376
0,8,12,23,43,72,103,106,113,130,131,166,176,181,182,186,193,202,211,213,215,223,228,230,244,246,256,257,263,264,266,267,278,279,280,284,289,293,295,296,297,301,302,303,304,307,308,309,317,325,330,331,332,336,338,339,343,347,348,349,351,357,362,371,373,374,375,377,379,392
19,20,34,35,47,62,76,100,104,112,114,119,122,144,153,159,160,161,167,178,185,186,223,228,231,256,258,262,266,268,269,271,277,278,289,292,296,300,301,303,305,311,314,321,322,331,333,334,344,346,351,353,358,360,382,389
4,12,40,46,73,78,107,125,126,128,131,136,138,151,155,157,160,170,175,179,190,198,199,200,201,202,213,214,218,228,243,251,252,256,258,269,270,273,278,280,281,286,288,296,298,301,302,303,307,310,317,322,324,325,331,335,336,338,347,348,350,356,358,360,363,369,371,379,382,385,386,387,388,394,395,396,397,398
5,28,34,72,73,84,88,102,114,117,125,135,174,176,186,203,206,208,211,213,219,228,229,236,243,246,260,262,271,284,292,299,303,311,316,317,320,322,327,335,336,345,372,374,380,391
10,23,25,45,55,66,76,78,106,121,138,161,166,179,192,201,202,203,209,212,213,218,228,240,245,258,266,268,285,288,292,293,294,305,349,373,387,389
28,33,34,57,76,88,129,143,159,160,181,186,187,200,201,209,214,234,238,243,256,266,276,278,279,284,286,287,288,289,292,298,300,305,306,307,308,309,312,315,316,317,319,323,324,325,326,329,332,333,339,340,341,342,344,345,350,357,358,359,364,365,367,370,373,378,381,386,387,388,389,392,397,398
0,3,45,63,76,79,96,109,115,120,126,143,150,151,155,160,170,173,174,189,208,222,225,226,231,236,237,243,244,246,248,249,253,263,265,267,268,277,278,294,297,300,301,302,303,305,308,311,313,315,316,318,319,335,337,338,339,342,344,345,347,348,349,350,351,353,355,358,359,364,365,366,368,371,377,379,381,383,385,386,388,390,391,396,397,398
1,52,67,88,90,93,95,97,129,133,136,152,176,197,199,202,211,220,229,262,265,269,278,280,285,286,295,301,306,307,324,331,333,334,336,339,350,352,355,359,361,366,372,373,377,384,386,389,393,395
4,13,23,67,77,78,106,114,123,125,129,130,135,180,183,196,201,216,217,219,222,225,228,230,232,234,240,244,246,256,258,264,278,280,282,284,286,287,288,293,297,298,302,303,312,322,324,330,343,349,354,362,366,367,368,370,372,373,377,397,398,399
3,7,9,13,18,38,62,75,95,101,104,107,119,144,145,157,165,174,186,196,200,201,205,214,216,217,230,231,236,241,245,249,253,263,265,267,275,278,286,292,293,294,298,299,304,307,311,314,319,322,333,348,350,355,363,372,373,375,376,378,381,382,383,388,396,397
2,3,20,29,36,54,70,109,114,120,126,137,161,169,174,176,182,190,193,209,212,214,215,224,226,232,243,254,258,263,264,266,267,269,276,277,279,281,282,283,286,287,292,294,298,300,303,305,307,310,312,320,321,323,324,326,327,329,330,331,332,335,336,337,338,339,343,344,349,350,352,353,354,355,360,361,362,366,369,370,376,378,380,382,386,387,389,391,392,396,397,398
4,21,29,33,46,79,101,109,129,130,137,144,148,159,178,179,196,197,198,202,207,209,212,214,217,223,224,241,245,252,258,260,261,264,275,278,283,285,289,292,293,294,295,298,300,302,304,307,315,338,345,367,371,374,377,378,390,397
33,38,40,46,54,61,72,73,105,120,134,138,143,155,159,170,172,178,182,185,189,190,200,234,246,255,263,266,269,276,280,283,286,288,292,301,303,316,324,327,328,341,346,351,374,378,396,398
2,10,45,49,66,72,90,96,98,99,118,126,132,137,151,165,176,178,190,196,214,219,236,241,243,245,251,253,258,265,267,285,293,296,297,298,302,340
4,38,42,44,47,51,67,99,100,102,125,135,136,142,145,159,173,178,179,182,196,197,202,203,214,219,228,230,235,243,248,265,267,270,273,275,277,284,285,286,287,297,299,307,309,313,329,344,349,357,361,380,395,398
18,34,35,43,54,60,63,78,83,94,128,138,141,165,166,199,212,220,221,236,238,240,243,253,256,258,262,263,264,266,270,278,287,291,292,294,297,299,301,302,303,306,325,345
3,16,26,35,55,84,116,128,130,141,145,151,157,159,170,190,196,199,216,219,232,240,244,246,249,253,262,267,268,278,283,284,292,297,298,311,312,314,316,317,318,320,321,322,326,327,328,330,331,334,335,336,337,339,342,343,346,349,350,351,352,353,354,356,357,359,364,368,369,375,376,377,379,381,382,383,385,387,390,393,394,399
1,2,30,35,51,57,65,87,121,127,133,185,199,207,212,214,218,223,226,238,241,246,249,256,257,260,267,278,283,284,285,286,287,292,297,306,312,315,317,318,322,326,327,333,336,337,343,354,355,358,360,369,370,372,376,377,390,393,394,397
29,59,62,72,90,93,117,120,121,150,160,170,173,174,176,186,201,207,209,211,244,249,252,258,264,268,269,270,271,276,280,284,287,294,302,311,312,314,315,320,325,329,337,340,343,344,345,346,348,349,351,352,354,358,362,364,367,371,376,377,378,383,387,391,393,394
7,14,24,34,45,62,72,76,91,115,126,134,135,148,162,165,166,198,209,216,218,223,236,238,241,249,253,256,263,264,266,268,282,284,285,286,293,295,298,301,308,310,315,320,328,329,339,353,354,355,357,364,368,381,386,394
1,15,17,28,31,42,46,63,79,83,88,103,112,120,138,142,161,163,164,166,178,187,199,209,214,241,244,249,253,255,256,258,260,263,268,271,277,284,285,297,300,302,308,309,310,315,316,318,322,323,325,328,329,330,334,337,338,339,340,346,347,349,353,357,358,359,361,363,365,370,376,385,387,388,392,395,398,399
8,12,20,52,62,76,77,107,112,115,128,141,157,179,186,187,190,193,196,197,199,202,203,213,219,223,225,238,251,258,262,264,265,266,273,277,278,279,283,288,298,306,314,321,330,334,335,336,339,340,348,350,352,356,363,376,397,399
17,34,51,90,105,109,115,117,145,178,187,193,194,196,202,212,222,224,243,249,251,256,269,273,277,278,293,301,308,310,313,315,321,327,328,336,338,340,343,346,349,351,352,354,358,359,360,361,364,365,366,368,369,371,372,376,377,379,381,383,385,390,391,394
17,36,39,40,45,54,66,90,102,107,113,129,135,136,142,150,155,157,170,180,183,184,186,194,212,214,226,232,244,250,257,264,269,273,279,280,297,298,303,309,310,311,312,314,320,322,325,328,329,330,331,333,348,350,351,353,354,355,358,359,360,365,366,367,373,374,375,376,379,383,385,387,388,389,396,399
12,21,54,56,68,72,90,91,116,131,144,155,157,172,174,180,187,199,207,212,214,224,226,229,231,236,250,253,257,263,264,269,277,281,282,295,297,298,304,308,312,319,320,321,325,329,330,333,335,336,337,339,340,342,343,345,347,349,350,352,358,362,368,377,378,379,380,384,386,388,389,391,393,395,396,399
2,44,54,81,108,132,136,142,153,164,166,206,207,208,210,214,220,223,224,225,228,231,232,238,244,256,260,270,277,282,292,294,295,297,308,309,319,323,325,328,329,331,332,333,334,337,338,339,340,341,342,345,346,347,350,354,355,356,357,359,360,361,362,368,370,373,374,377,378,379,381,382,384,385,386,387,388,391,392,394,397,398
25,29,30,46,47,52,54,61,62,67,72,88,90,105,106,117,121,125,145,153,160,185,188,194,203,214,217,226,227,229,230,232,235,240,243,245,256,258,260,261,262,264,265,266,269,276,284,287,288,298,308,309,312,319,325,330,331,336,339,342,343,344,347,350,351,353,354,355,356,357,358,363,369,370,375,378,380,389,390,396
11,14,29,38,73,89,96,105,109,114,117,118,122,124,126,129,141,163,166,202,209,215,217,226,228,232,236,238,243,244,254,256,258,262,263,275,281,286,287,297,298,301,316,317,318,320,325,328,329,330,331,333,336,339,341,344,347,348,349,350,351,354,355,356,361,362,363,366,367,369,370,374,377,378,379,380,381,383,386,388,389,390,391,392,396,397,398,399
30,38,72,77,79,94,95,136,137,142,160,173,180,186,197,199,209,215,232,236,238,256,262,271,274,277,284,286,287,295,302,308,310,311,315,316,319,321,330,341,350,355,362,363,371,373,377,379,380,381,384,391,394,395,396,397,398,399
10,19,25,34,54,63,83,88,90,96,106,126,134,159,164,169,170,172,176,180,184,187,203,207,215,217,219,228,236,249,252,255,261,267,270,271,276,278,282,286,288,293,302,308,313,314,316,320,322,323,324,326,327,329,331,336,338,341,342,344,345,350,353,354,355,357,358,359,361,362,365,366,368,370,371,373,377,378,379,380,381,382,383,384,387,389,390,391,392,393,394,395,396,399
1,33,34,59,63,66,67,90,95,98,100,120,121,128,141,150,153,155,165,181,186,194,199,216,219,220,229,236,238,240,243,264,270,273,275,276,277,286,287,288,293,294,295,300,301,308,309,312,315,321,323,324,326,329,330,332,333,334,336,338,339,340,341,342,343,344,345,349,350,351,353,354,356,358,360,362,366,367,371,377,380,381,383,384,385,386,389,396,397,399
31,38,43,46,62,63,79,88,107,119,130,145,164,170,171,190,196,202,207,212,218,219,224,227,230,232,251,266,269,270,276,277,280,284,286,287,297,302,312,317,321,322,325,331,333,340,345,347,353,355,356,358,363,368,371,377,378,379,380,385,387,392,393,396
1,3,7,19,20,26,31,45,51,73,107,108,134,135,141,149,159,165,166,203,216,224,225,226,245,253,256,258,266,278,294,297,299,300,302,304,321,322,330,343,353,367,374,378,388,390,395,399
18,36,54,61,78,98,100,101,106,115,130,135,139,140,150,153,157,167,168,192,206,208,211,214,224,231,234,237,238,243,249,253,263,276,278,283,292,294,297,307,310,312,315,316,317,318,319,323,326,327,329,336,343,345,348,353,354,358,360,362,364,365,366,371,372,374,376,377,378,379,386,388,391,397
5,31,34,45,46,51,63,68,88,93,104,105,112,114,120,125,155,162,166,176,178,185,206,208,222,229,230,232,237,243,245,251,256,258,262,266,280,282,283,287,297,302,308,309,321,322,325,370,380,383,385,392
8,20,22,23,36,51,80,88,109,117,133,136,137,141,157,159,162,167,179,186,187,190,209,212,240,256,265,266,267,284,285,295,302,304,308,309,314,321,325,328,331,332,335,336,340,342,345,347,348,349,350,353,354,356,358,363,365,366,370,372,375,380,381,382,384,386,387,388,394,399
14,20,25,56,66,76,88,94,102,104,123,127,129,135,138,153,155,161,166,167,172,182,185,190,196,200,209,212,215,216,224,228,230,240,243,244,256,264,266,267,268,270,271,273,275,286,289,304,308,311,312,314,315,317,319,327,329,332,333,334,337,340,342,343,344,346,347,348,349,350,351,355,356,359,360,364,365,367,368,370,371,373,376,377,382,383,384,385,389,392,393,395,396,399
54,56,59,73,76,88,90,94,100,104,129,130,152,166,170,172,173,178,187,196,197,198,199,211,225,228,230,237,238,244,251,256,258,266,270,275,279,280,284,288,297,302,306,310,311,312,315,316,317,319,321,322,325,328,331,332,333,335,340,343,344,345,347,348,349,351,352,353,355,356,360,361,363,364,366,368,370,375,378,380,381,385,391,392,393,395,397,398
12,26,80,109,129,138,139,164,182,190,203,212,224,225,231,270,274,276,280,284,285,288,292,300,302,308,312,313,315,316,318,319,320,322,324,340,342,344,354,363,366,368,375,377,379,381,383,388,397,398
29,44,70,91,104,115,124,129,135,136,142,166,182,212,214,216,224,226,228,233,235,244,249,251,252,257,258,259,282,286,289,292,293,294,299,302,308,315,317,318,319,321,323,327,329,334,335,336,337,339,340,341,342,344,346,348,349,351,353,354,355,357,358,359,363,367,369,370,371,373,377,378,379,380,381,383,384,385,387,388,389,391,392,395,398,399
19,52,64,72,86,90,101,118,129,151,154,155,182,190,197,207,212,232,243,247,252,258,265,266,277,278,286,287,288,292,297,302,317,322,327,328,329,333,334,335,336,337,338,339,341,344,345,346,347,348,349,352,353,355,357,360,362,365,368,370,371,374,375,377,378,383,384,385,386,388,389,390,391,394,397,399
2,4,11,33,34,40,44,68,72,105,117,130,153,157,159,176,178,179,182,186,188,189,197,209,214,224,226,230,243,252,256,262,263,270,271,275,284,293,297,299,301,309,315,316,317,319,322,323,328,329,332,337,338,355,379,393
1,8,18,19,21,40,52,54,57,73,74,93,109,113,121,125,130,153,159,165,166,179,180,183,193,196,197,212,215,216,224,228,230,238,243,246,256,258,266,267,268,270,273,275,284,287,293,299,308,312,313,317,322,328,331,332,336,337,338,339,340,341,342,343,344,346,347,348,349,350,351,352,354,356,357,360,361,362,365,366,367,368,369,370,371,372,373,374,375,376,377,378,379,380,381,382,385,388,389,390,391,392,394,396,397,399
17,20,24,33,35,44,47,52,62,70,76,103,113,116,121,138,148,155,172,181,185,188,203,207,213,220,224,226,227,229,236,238,244,251,284,286,287,294,295,298,302,308,313,316,327,329,331,332,336,348,349,356,357,361,367,376,377,379,383,384,388,395,396,399
8,12,45,51,52,58,76,78,114,121,130,157,170,178,179,180,203,208,212,213,220,226,238,246,255,262,263,264,265,268,278,282,288,292,294,295,299,302,308,309,313,314,316,318,319,321,322,325,327,331,332,334,335,337,338,342,343,347,349,358,369,377,378,382,392,393
4,20,45,76,98,103,109,122,125,143,159,161,162,163,187,196,202,203,212,214,216,217,222,226,227,228,229,230,240,248,252,253,260,264,266,270,271,277,278,284,288,298,302,308,309,310,312,316,317,328,331,332,333,334,336,353,363,368,373,382
13,36,68,79,84,92,93,97,100,105,106,114,132,138,141,155,159,162,180,196,197,209,211,224,232,235,236,238,243,246,256,258,264,265,269,271,280,283,289,292,294,298,302,303,312,314,317,321,322,332,333,334,336,339,340,345,346,347,348,349,351,353,354,359,360,363,364,366,367,368,369,370,371,372,373,376,379,381,382,383,385,390,391,392,393,395,396,397,398,399
8,30,72,73,74,84,96,109,112,115,131,137,139,147,157,172,186,188,193,199,207,225,232,233,243,249,251,255,262,264,265,266,271,277,280,287,289,292,297,298,299,302,308,311,312,313,316,317,318,319,322,331,332,334,338,343,344,345,346,347,353,355,356,358,359,360,361,363,365,366,367,368,370,371,372,373,374,376,378,380,381,382,385,386,387,388,389,390,394,395,396,397,398,399
6,16,35,47,55,128,150,159,164,166,174,175,182,196,201,202,203,206,208,209,212,213,220,224,231,237,238,250,252,258,264,268,269,271,278,280,285,287,297,305,310,312,313,314,316,317,322,323,327,328,329,330,331,334,338,343,349,350,352,354,356,357,360,365,366,368,369,371,372,373,377,385,386,389,391,393,395,396,397,398
40,42,44,55,62,111,112,117,134,135,154,173,185,202,220,231,236,248,249,252,259,260,264,268,269,278,288,297,304,317,319,320,321,322,331,332,334,342,345,346,353,355,363,365,366,370,371,372,376,380,381,382,383,384,387,389,393,394,396,397
10,19,31,34,47,55,83,100,101,105,107,109,121,122,126,164,172,202,206,212,231,232,233,237,238,241,244,253,256,258,260,262,263,264,270,272,277,278,282,283,286,297,298,308,316,317,318,321,322,327,328,330,331,334,336,341,343,344,346,347,348,349,350,351,352,353,354,358,359,360,361,362,363,364,365,366,370,371,372,373,374,375,377,378,379,380,381,382,384,385,386,388,390,392,393,394,395,396,398,399
0,25,35,62,74,77,88,100,101,108,128,130,134,143,145,151,160,162,167,182,185,186,199,202,203,207,215,216,223,230,240,243,250,253,284,286,292,300,302,308,309,310,314,316,318,322,324,325,328,329,334,336,339,340,342,353,374,390
4,12,17,42,76,80,86,103,104,116,122,126,146,152,155,163,165,173,176,202,207,212,230,234,241,246,249,258,264,265,269,270,277,280,284,286,287,293,297,298,302,306,310,318,319,321,322,328,329,330,331,332,334,339,342,355,364,368,376,387
14,55,72,73,84,90,98,122,123,138,155,164,173,174,182,193,196,208,209,225,226,228,236,243,246,253,261,262,269,277,286,295,297,298,303,307,310,316,317,321,322,323,325,327,329,332,338,339,341,363,367,374,381,387,388,395
14,56,63,67,72,74,78,85,89,91,95,101,105,107,128,129,131,141,144,145,150,151,161,174,179,187,196,197,203,219,224,256,259,263,265,267,270,271,276,277,283,286,293,304,308,310,312,314,317,328,331,332,334,338,339,341,342,347,348,349,351,352,353,354,356,357,359,361,362,363,364,365,366,367,368,369,370,371,372,373,374,375,376,377,379,380,381,383,384,385,386,387,388,389,390,391,392,393,394,395,396,397,398,399
3,44,66,86,93,105,106,120,127,132,137,141,143,145,155,179,183,185,192,197,201,206,217,231,233,237,262,263,265,267,270,271,272,277,284,285,286,292,294,298,312,316,317,318,319,323,327,328,329,332,334,336,338,339,342,346,348,352,355,360,365,368,369,370,372,373,375,377,378,385,386,389,390,391,393,395,396,397
0,1,14,33,41,44,63,86,107,110,120,137,138,142,150,151,153,154,159,160,176,188,197,198,201,209,212,226,228,230,232,236,256,260,264,266,267,268,269,270,284,285,292,294,298,301,310,313,315,319,325,327,328,329,331,332,334,335,338,342,346,347,349,353,354,357,361,362,366,367,368,371,377,379,380,387,389,391,392,394,395,396,397,399
4,12,34,59,63,73,79,88,101,113,116,120,121,122,145,159,160,166,173,182,187,205,222,226,228,231,234,236,238,246,251,253,255,256,257,260,262,263,264,265,266,267,276,279,280,282,287,289,292,296,298,300,302,306,308,310,312,314,316,319,322,327,328,329,331,332,334,335,336,338,340,342,346,348,355,357,359,360,363,364,369,370,371,372,374,376,383,385,386,388,390,393,394,395,398,399
4,15,33,38,42,45,52,67,88,89,106,125,151,155,159,161,163,172,175,179,201,222,228,241,244,251,258,262,284,288,294,297,298,299,301,302,308,313,315,316,317,318,319,320,321,322,327,328,334,340,342,356,357,358,363,373,378,390
1,7,102,103,122,128,138,155,161,164,165,173,178,182,183,187,190,203,208,215,231,236,240,241,243,244,249,263,266,268,281,283,285,289,292,293,298,304,308,310,314,315,318,319,322,328,329,331,334,338,342,346,352,359,362,364,366,368,369,373,374,380,382,384,386,388,389,391,392,395,396,399
3,17,26,28,34,89,94,95,99,102,125,135,139,166,178,183,185,187,203,205,206,212,217,244,266,268,269,270,271,277,287,299,302,308,310,313,314,316,329,332,334,340,342,346,347,351,353,354,356,357,359,361,362,363,364,366,367,368,369,370,371,372,373,374,375,376,377,378,380,381,382,383,385,386,387,389,390,391,392,393,394,395,396,397,398,399
14,30,45,58,84,86,88,90,107,113,119,130,134,141,151,154,186,190,193,202,209,214,222,224,230,232,233,245,252,264,280,283,285,289,293,298,302,308,311,312,315,318,321,322,323,324,325,327,329,331,332,337,338,339,341,342,343,346,348,352,354,356,357,358,359,360,362,364,365,367,370,371,373,374,376,377,379,381,382,383,384,385,386,387,390,392,394,395,396,397,398,399
0,11,13,25,26,50,70,74,88,90,103,105,117,122,125,126,151,153,167,173,185,186,196,212,219,230,249,256,262,265,268,269,278,284,285,288,300,302,308,309,310,311,314,315,317,318,319,321,322,325,327,330,331,334,338,340,342,346,348,352,353,355,357,358,360,361,362,363,364,368,371,372,373,374,377,379,380,382,385,386,387,389,392,393,395,397
10,25,47,61,62,95,113,114,122,125,131,135,136,148,151,154,155,176,181,190,210,211,214,222,223,228,238,243,246,249,263,266,269,271,272,278,282,287,298,299,301,302,309,311,315,317,318,319,320,321,323,328,329,331,332,333,339,341,344,347,349,354,356,358,359,360,361,362,363,365,367,368,369,370,371,373,374,375,376,377,378,379,381,382,383,384,385,386,388,389,390,391,392,393,394,395,398,399
15,17,19,20,28,44,64,66,93,105,109,115,119,131,134,155,157,160,161,174,175,181,191,199,202,203,214,228,231,240,246,252,253,255,258,264,266,267,269,273,274,280,285,294,308,313,317,318,319,322,323,327,328,329,334,335,339,340,346,350,352,353,355,357,358,359,361,362,363,364,365,366,367,368,369,371,372,373,374,375,377,378,380,381,382,383,384,385,387,388,389,390,391,392,394,396,397,398
25,47,52,70,83,93,95,98,103,105,106,113,115,138,173,180,181,182,185,196,220,245,246,247,252,256,269,272,274,278,282,285,287,292,297,306,308,311,312,317,318,321,331,332,334,335,340,346,348,349,350,352,353,354,356,358,360,361,362,364,365,366,367,369,370,371,373,374,375,376,378,379,380,381,382,384,385,386,387,388,390,391,392,394,395,396,397,399
0,1,8,17,34,44,66,76,100,102,120,160,161,168,174,182,185,193,194,200,202,214,215,220,236,238,244,256,262,267,268,275,283,284,288,293,294,297,298,309,310,312,314,315,316,318,321,322,323,325,327,331,336,339,342,350,353,354,355,356,357,359,360,365,366,367,368,370,373,374,375,376,377,378,379,381,382,384,385,387,388,389,390,391,392,393,394,395,396,397,398,399
12,25,73,75,94,102,105,113,150,151,173,179,182,183,185,187,202,205,216,219,230,232,233,236,241,244,253,262,267,268,273,283,284,287,297,298,299,308,312,314,315,317,321,328,331,338,339,342,346,349,351,352,353,355,356,358,379,381
1,11,19,20,24,30,41,59,75,96,100,108,122,143,145,151,164,183,187,190,192,196,215,220,225,240,242,245,247,256,260,266,276,277,280,284,286,288,293,294,302,309,314,315,317,322,325,328,329,332,334,338,339,340,342,347,349,353,354,355,357,358,361,362,363,368,372,375,376,379,380,385,387,392,395,397
0,21,28,30,39,93,104,106,121,123,134,135,166,170,173,174,183,188,192,194,203,207,208,214,234,244,246,266,268,273,277,278,283,286,299,302,306,312,314,317,319,321,329,334,335,339,342,346,348,352,354,355,356,357,360,365,370,375,386,395
52,74,78,103,105,109,124,134,138,152,154,159,177,190,197,208,213,225,227,238,247,251,252,253,256,258,262,263,264,265,268,269,271,284,286,287,292,300,302,310,316,317,319,320,321,322,325,332,334,342,346,348,351,352,353,354,355,356,357,360,363,364,365,367,370,373,374,378,380,381,383,385,387,388,389,390,391,392,393,395,396,397,398,399
8,17,18,19,34,42,48,70,95,100,126,138,151,153,165,172,186,187,194,197,202,203,220,224,225,230,238,240,243,246,257,260,262,263,266,267,269,273,275,276,286,294,301,312,313,318,319,320,323,327,329,330,331,337,338,339,341,342,345,346,349,350,352,354,355,356,360,362,365,367,368,370,372,373,374,376,380,381,382,383,384,385,388,391,392,393,394,396
3,76,122,125,135,136,137,142,169,172,173,187,197,201,215,219,222,227,243,253,256,258,261,266,269,271,284,285,288,297,298,308,310,311,314,325,328,329,338,342,344,346,349,351,352,353,354,356,357,362,393,394
5,12,29,36,41,73,90,94,107,112,120,129,130,142,147,159,168,187,199,200,228,236,240,243,246,249,253,254,258,262,265,271,280,283,284,285,297,298,312,314,315,321,325,327,328,332,334,339,340,341,342,346,347,353,355,356,357,358,361,362,363,367,368,369,370,372,373,374,375,376,377,379,380,381,382,384,390,391,392,393,395,398
8,9,19,44,46,68,78,89,98,107,125,127,129,154,156,173,181,190,196,199,209,213,216,227,238,253,260,270,275,276,277,284,288,298,299,300,302,314,315,319,321,322,325,327,329,330,334,338,339,340,341,342,346,348,351,352,356,357,358,367,368,370,371,372,374,375,376,377,378,379,380,381,384,385,386,387,389,390,391,393,394,395,396,397,398,399
10,19,23,30,31,33,42,44,67,70,93,108,137,141,142,177,200,203,208,212,252,253,258,261,269,270,280,282,287,297,300,303,310,315,319,322,324,328,331,334,335,338,339,345,346,348,352,353,355,356,357,358,362,363,365,366,368,370,373,374,377,379,380,381,382,383,384,385,387,389,392,396,397,398
34,42,46,73,74,100,103,114,116,142,151,164,172,174,190,193,220,225,240,243,249,251,258,263,264,265,269,270,275,279,283,287,288,289,298,300,308,311,314,316,317,321,323,328,329,330,332,334,337,338,339,340,344,346,347,348,351,352,354,355,356,358,360,363,365,366,367,370,372,373,375,376,378,379,380,381,382,383,384,385,388,389,390,391,393,394,395,396,397,398
7,19,21,23,30,36,45,89,92,111,141,148,172,176,178,179,190,193,214,232,243,252,253,261,262,270,271,288,294,302,308,309,314,318,319,331,334,336,338,340,346,347,349,351,352,355,356,357,365,370,371,375,376,377,378,381,395,397
0,2,4,8,41,44,52,54,66,67,73,92,103,117,139,144,169,185,201,207,209,215,216,218,220,222,223,224,245,249,253,256,257,264,267,276,283,284,297,300,302,309,312,317,318,319,321,326,327,328,329,331,332,334,338,339,341,342,346,347,349,352,353,355,357,358,361,362,363,365,366,367,368,369,372,373,374,376,377,378,379,381,383,385,386,389,391,392,393,394,396,397
11,19,20,40,42,46,54,70,82,85,88,89,90,100,105,134,137,138,140,150,157,163,166,174,179,185,186,187,197,202,231,238,240,246,258,264,266,267,269,271,278,279,281,284,292,294,298,303,310,314,320,321,322,323,325,328,331,332,334,338,339,340,341,342,346,348,349,352,353,354,355,356,357,366,369,372,374,375,380,382,383,384,385,386,388,390,391,393,398,399
5,63,68,94,106,107,109,112,113,134,137,165,182,183,190,197,201,213,215,219,243,246,249,253,266,267,268,271,272,280,295,299,300,301,309,314,325,327,334,338,339,340,341,342,346,347,349,352,354,356,360,363,365,366,368,370,371,374,375,378,379,380,381,383,384,386,387,388,389,390,393,394,395,397
3,33,36,40,46,74,75,90,105,121,127,130,134,144,145,147,152,172,182,187,189,193,199,207,209,216,222,223,225,229,264,271,286,288,292,296,297,299,300,301,315,317,320,321,328,331,334,337,338,339,340,342,346,347,350,351,352,353,354,355,356,357,358,362,363,365,367,368,370,377,381,384,386,388,391,398
8,32,33,42,45,46,52,58,90,102,106,113,114,115,129,136,205,214,215,225,226,228,240,248,259,262,265,269,273,278,289,292,295,303,304,315,317,319,324,325,332,334,339,342,343,345,346,349,351,352,353,354,355,356,357,358,362,363,365,366,367,370,371,372,376,379,382,384,385,386,387,388,391,393,397,398
19,35,56,67,68,74,120,134,136,148,152,153,173,175,191,201,203,215,218,243,249,259,267,269,270,271,281,286,288,289,292,301,308,315,318,327,329,330,332,334,342,346,347,352,355,356,357,358,360,361,365,366,368,369,371,372,376,380,381,383,388,393,397,398
0,43,55,68,88,91,104,106,110,115,127,136,153,158,186,202,218,226,232,233,234,238,241,251,252,256,257,260,267,276,277,280,285,286,287,288,291,301,302,308,309,310,312,313,314,315,325,328,334,335,338,339,341,344,346,349,352,353,355,357,358,360,363,365,366,368,369,370,374,375,388,394
1,11,42,45,66,70,75,99,105,106,109,121,122,130,151,156,162,170,174,183,185,187,193,196,197,202,214,220,222,224,227,230,236,241,246,252,253,256,263,270,271,282,292,298,299,300,303,308,309,310,314,316,317,319,320,321,322,323,325,328,330,331,332,334,335,336,340,342,346,347,348,352,353,354,355,356,358,365,366,367,369,370,373,379,380,381,384,385,387,388,389,390,391,392,393,395,397,399
4,10,11,21,42,46,51,61,84,85,89,114,117,126,127,128,134,142,153,162,170,207,219,220,222,224,231,235,236,238,239,240,241,244,245,256,262,265,268,277,278,280,284,285,286,297,301,302,303,304,310,316,317,318,319,321,323,324,325,329,331,332,334,336,339,342,347,350,352,355,356,357,358,362,366,368,369,370,372,379,380,382,383,384,385,386,387,389,391,392,393,394,395,396,398,399
10,11,20,46,65,82,93,129,130,150,162,165,174,194,197,200,214,224,227,236,240,251,252,256,260,262,265,266,267,269,285,287,288,292,294,298,308,314,315,316,317,319,320,321,323,325,330,331,333,334,335,338,342,346,348,353,354,355,357,358,359,360,365,366,367,368,370,372,374,377,378,389,394,396,397,399
25,38,56,100,119,121,133,137,138,157,164,172,174,186,190,192,197,214,215,227,234,238,249,252,253,256,261,265,266,269,270,271,274,280,284,288,295,302,306,316,318,319,320,321,322,323,326,327,329,331,334,339,341,342,346,348,351,352,354,356,357,360,362,363,365,366,367,368,371,372,375,377,378,385,386,388,389,391,394,396,398,399
2,28,62,68,72,80,90,103,106,113,119,120,150,152,158,164,170,178,186,201,202,206,212,214,232,252,253,258,262,264,266,269,271,273,276,278,283,285,288,297,298,301,308,311,314,317,319,320,321,322,327,329,330,331,334,338,339,341,342,345,346,352,353,355,356,357,358,359,362,363,365,366,367,368,369,370,372,373,375,377,382,383,384,385,386,387,388,389,390,391,392,393,394,395,396,397,398,399
3,37,48,64,70,76,90,105,117,122,127,136,141,152,159,161,186,197,207,209,214,216,224,226,236,239,249,267,268,271,278,282,283,286,293,294,301,302,308,317,321,327,328,334,336,337,338,339,341,342,351,352,353,354,355,356,357,358,363,365,367,368,371,374,378,381,383,396
21,72,73,80,90,107,129,142,152,157,160,172,176,185,194,197,201,203,228,231,232,240,256,265,269,276,278,283,284,298,301,308,310,314,315,319,321,322,326,328,330,331,332,335,338,341,346,349,352,353,355,356,362,363,367,368,370,371,372,375,378,381,382,384,385,386,387,389,390,391,393,396,397,399
4,24,27,35,45,54,57,67,76,79,90,100,103,115,120,127,141,148,166,185,187,208,212,216,226,227,236,246,252,255,265,268,276,277,284,289,299,316,317,320,321,322,327,328,331,332,335,341,342,346,351,353,355,356,357,358,363,365,366,367,368,371,372,373,374,377,378,381,383,385,395,397
2,19,25,51,89,125,131,142,150,162,173,185,193,198,203,209,215,219,232,238,252,264,273,277,278,283,286,288,289,294,298,308,312,314,315,317,322,323,326,328,329,331,332,334,338,339,340,342,346,347,349,352,353,354,355,356,357,358,360,362,363,366,367,368,370,371,374,377,378,380,381,383,384,388,390,393,394,395,397,398
31,33,37,38,47,51,72,78,84,87,103,115,122,128,134,139,151,155,159,165,172,173,176,186,190,201,211,218,244,246,249,256,258,261,265,287,288,294,297,298,299,302,311,316,317,319,322,325,327,332,339,340,342,346,347,349,351,352,353,354,355,357,361,366,370,371,372,373,374,378,380,381,383,387,389,391,394,397,398,399
0,8,13,16,33,41,43,46,51,60,70,100,109,134,135,143,159,160,161,170,172,173,186,207,217,223,224,226,245,252,253,258,261,262,266,269,273,276,278,284,286,287,294,296,297,302,308,310,312,315,317,321,323,327,331,339,341,344,345,346,348,352,353,354,356,357,358,360,362,366,367,372,374,377,378,381,383,386,389,391
28,51,60,70,75,91,106,108,109,110,115,117,123,128,155,175,182,190,197,203,212,220,226,228,232,249,251,256,258,264,267,271,281,284,286,294,297,298,301,312,315,316,317,319,324,325,327,330,331,332,334,335,339,342,345,346,349,351,355,356,357,358,362,363,368,371,372,373,374,375,376,377,380,381,385,392,394,397,398,399
2,4,20,35,56,65,70,86,93,104,115,122,126,128,130,131,136,138,154,162,174,206,212,217,220,236,239,240,252,256,262,263,264,265,266,270,271,274,276,277,278,285,287,288,293,296,297,299,302,315,316,318,319,321,322,328,331,332,334,339,340,341,346,347,348,351,352,354,355,356,358,362,366,367,368,370,372,377,378,379,380,381,383,386,387,392,393,396
3,10,16,36,44,52,55,62,63,78,92,95,101,108,122,136,153,166,174,182,196,199,209,212,214,225,226,229,231,237,238,240,243,249,255,260,262,264,269,270,275,279,284,288,290,298,303,308,309,314,318,319,321,324,332,334,338,339,342,343,346,347,349,350,352,353,355,356,357,358,362,365,366,368,371,372,377,381,383,385,391,392,393,394,395,396,397,399
3,5,8,26,43,44,46,61,93,115,116,120,122,126,149,191,196,198,202,203,207,214,217,220,222,223,224,228,231,236,251,258,262,263,271,280,281,282,295,298,302,310,314,316,317,319,320,321,325,329,331,332,334,338,340,346,347,348,351,352,355,356,357,358,362,363,365,366,368,370,371,373,374,377,378,380,381,383,386,387,390,392,393,394,395,396,397,398
1,4,9,26,36,44,45,84,92,94,102,107,112,125,137,138,143,145,150,184,185,201,202,207,213,218,224,243,244,262,265,271,278,280,284,292,297,302,312,317,319,321,323,326,328,329,331,334,336,338,342,346,348,351,352,353,354,355,356,357,358,360,362,363,365,367,370,377,378,381,388,389,390,391,394,398
11,45,46,98,99,107,138,153,154,174,175,176,178,179,190,196,201,207,209,214,226,240,246,256,263,264,265,273,278,279,284,299,308,309,310,316,321,323,328,329,333,336,338,340,341,342,346,347,349,352,354,355,358,362,363,364,365,366,368,370,371,372,374,375,377,378,381,383,385,389,390,391,394,395,396,397,398,399
10,15,33,37,67,72,80,84,87,95,98,125,128,131,133,143,166,172,180,202,206,224,227,228,253,260,261,265,268,271,278,286,294,308,309,310,311,314,317,320,321,327,332,334,339,341,342,346,348,349,352,353,355,356,357,358,363,364,366,368,370,372,376,378,379,380,381,385,386,388,390,391,392,393,396,397,398,399
23,41,52,86,114,121,138,139,151,154,166,186,190,201,203,207,215,216,223,233,248,250,251,254,255,256,264,268,269,271,288,294,299,306,312,316,320,321,324,328,329,331,335,338,339,340,342,345,346,347,348,349,351,352,353,354,355,357,358,360,361,362,365,366,368,369,372,377,378,381,384,385,390,391,393,396,398,399
5,11,15,30,36,52,55,65,89,90,103,110,125,128,154,173,179,190,196,197,208,226,232,234,241,244,250,253,255,264,265,267,268,271,277,278,281,284,287,288,290,294,298,301,302,304,315,316,318,319,320,321,322,323,328,334,335,338,339,340,341,342,346,347,348,351,352,353,356,357,358,362,363,366,367,368,370,378,379,380,381,382,383,389,390,391,393,394,395,398
7,28,62,109,114,116,117,166,169,174,187,192,211,236,240,243,265,269,275,277,286,294,297,298,300,301,302,303,309,313,317,319,320,322,325,329,330,332,334,338,339,340,341,346,347,348,352,353,354,356,357,358,360,362,366,367,368,369,370,372,374,375,377,379,381,383,384,385,386,388,390,391,393,394,398,399
11,12,22,35,68,99,100,127,131,141,159,160,164,168,172,180,184,186,188,200,201,207,214,216,222,225,232,240,243,247,252,253,258,263,269,271,273,288,294,297,298,300,302,304,306,312,317,319,320,329,330,331,338,339,340,342,346,349,352,353,355,356,358,362,365,366,367,368,371,373,374,375,378,380,381,385,386,388,391,392,393,394,395,396,397,399
8,25,45,51,74,75,96,112,117,125,136,138,141,142,150,154,160,197,213,219,220,228,240,253,266,267,270,280,285,286,300,308,312,313,315,316,319,320,321,322,324,327,328,331,332,334,335,338,339,342,346,348,349,351,352,353,355,357,358,362,366,371,377,378,379,380,381,383,386,388,390,393,394,395,397,398
