5,14,29,42,44,51,53,54,55,63,64,68,74,77,82,111,114,121,132,138,139,145,152,153,160,162,163,175,178,195,199,201,202,217,219,222,242,265,266,269,271,272,283,291,296,299
43,63,81,111,118,231,252,291,293,295
9,10,21,45,47,90,107,118,128,165,175,177,181,212,246,249,250,258,268,275,277,298
14,19,20,22,28,58,62,63,65,78,79,81,86,95,99,101,107,113,115,116,121,122,123,124,136,150,151,153,157,164,165,167,169,171,192,195,202,206,211,219,239,245,261,266,267,284,285,289,290,297
13,22,23,33,44,48,52,53,66,72,75,77,80,84,97,101,120,131,135,136,139,143,146,154,164,181,187,193,194,197,198,212,216,219,235,247,250,253,254,258,259,262,263,267,277,279
0,41,51,96,197,208,236,277
8,23,29,32,33,45,51,52,53,71,89,92,97,126,132,135,148,152,155,159,179,180,189,198,200,214,215,230,232,240,242,259,262,291,293,295
43,48,49,74,75,88,103,196,205,240
6,16,18,61,82,91,100,101,117,131,132,147,158,161,185,195,209,252,268,287
2,143,193,262
2,28,39,45,79,82,89,90,98,100,101,125,126,145,147,149,153,164,166,173,190,195,203,213,227,231,236,237,241,244,250,255,259,264,275,288,296,297
39,40,60,65,66,73,80,96,117,150,175,223,229,243,268,271
48,219
4,26,27,41,48,49,57,59,60,65,68,78,79,90,94,96,97,104,105,109,110,119,126,128,131,135,142,155,160,162,168,173,174,181,193,201,204,212,222,223,236,246,266,267,268,274,282,286
0,3,25,28,67,69,85,94,108,128,138,142,150,165,180,192,229,242,243,256
36,49,62,64,90,94,115,129,135,140,146,147,149,154,160,166,167,180,192,202,212,222,234,241,259,276,284,295
8,31,35,48,69,76,93,126,134,148,149,155,227,228,231,251,279,290
18,28,30,38,40,43,47,48,54,56,65,72,81,93,97,100,104,106,114,115,119,122,123,126,131,147,160,165,167,178,188,196,211,217,219,222,223,224,228,233,236,259,272,277,291,295
8,17,20,80,83,84,85,95,102,103,133,142,159,169,192,195,225,255,284,294
3,26,63,64,106,122,138,150,151,152,169,172,180,185,206,207,209,224,230,254,284,297
3,18,23,30,70,122,169,197,247,266,288,293
2,80
3,4,32,45,46,70,74,103,181,215,244,249
4,6,20,43,49,60,62,87,94,105,119,126,148,157,164,203,204,242,257,262
42,46,47,51,56,58,60,68,76,92,94,100,104,113,119,120,121,124,143,144,159,180,185,198,199,203,208,209,214,215,218,229,248,249,252,258,263,268,282,283
14,36,39,41,43,45,51,54,63,64,75,84,85,90,91,93,94,111,113,117,119,123,125,126,131,132,145,164,168,175,176,181,183,184,189,198,217,225,258,260,272,278,280,283,287,293,297,298
13,19,49,53,56,58,69,72,73,74,76,81,94,96,106,108,115,117,122,127,131,132,144,145,149,161,163,187,195,202,212,220,226,234,247,253,255,257,265,268,269,275,286,289,290,295
13,55,57,64,88,99,117,120,121,125,146,150,155,168,171,189,199,222,239,253,255,284
3,10,14,17,33,40,45,46,60,82,89,92,100,114,123,128,149,164,167,171,188,205,222,224,225,242,260,267,273,284
0,6,55,80,85,90,95,104,111,112,131,143,205,218,222,292
17,20,35,36,47,59,62,74,88,92,95,102,104,108,110,132,133,169,191,197,199,202,205,210,211,227,248,255,260,262,264,286,291,293
16,33,35,40,42,50,51,66,80,84,92,95,96,123,138,157,169,170,183,189,215,234,278,279,283,285,290,297
6,22,45,141
4,6,28,31,35,39,41,44,61,66,68,74,80,87,95,97,100,121,127,146,148,150,162,166,167,168,169,172,181,198,201,206,213,227,229,231,244,258,260,281
35,39,40,76,92,101,109,114,148,175,180,192,193,207,227,234,257,261,283,297
16,30,31,33,34,37,40,49,55,66,81,88,90,97,109,112,117,119,121,124,130,131,136,138,141,151,153,156,171,172,180,182,183,195,205,206,210,213,215,219,232,239,252,261,263,264,269,271,291,293,295,296,297,299
15,25,30,55,57,64,66,79,82,91,92,103,127,131,134,136,138,139,141,143,150,155,167,170,174,186,193,195,196,198,199,204,207,216,226,241,249,256,261,263
35,39,63,64,67,69,89,108,113,119,121,139,152,157,158,160,169,170,174,184,205,208,209,219,227,230,231,232,237,242,245,249,250,260,264,276,279,286
17,39,41,78,85,89,99,109,110,115,116,124,129,130,131,132,137,154,156,159,166,180,186,187,188,189,203,208,213,214,215,217,218,220,224,237,240,242,256,258,260,265,276,278,280,289,290,295
10,11,25,33,34,37,38,40,54,58,61,66,72,86,87,88,92,120,124,127,130,133,142,153,168,170,173,190,192,199,201,210,219,221,224,227,231,259,263,264,288,293
11,17,28,31,34,35,39,69,70,98,110,114,128,129,133,135,136,142,173,183,195,196,208,210,224,229,232,239,268,275,293,295
5,13,25,33,38,42,44,45,49,58,60,63,67,70,73,77,84,93,99,104,105,108,113,117,119,123,129,133,135,137,147,150,152,170,181,197,200,208,216,217,221,231,232,235,240,255,269,274,275,276,282,289,291,299
0,24,31,41,52,53,71,79,83,95,97,98,100,101,119,121,134,137,142,145,149,154,157,163,166,180,185,187,196,205,206,226,236,237,244,253,258,273,275,288,295,299
1,7,17,23,25,49,58,72,74,114,149,155,170,178,180,190,191,193,206,214,223,247
0,4,33,41,53,61,65,69,83,86,90,93,98,101,121,123,132,135,146,178,194,198,201,209,215,223,236,250,259,268,277,284
2,6,10,22,25,28,32,41,67,68,70,78,88,99,106,111,112,115,116,131,146,153,154,159,178,185,187,192,207,215,216,217,218,227,232,235,242,247,268,277,287,291,296,297
22,24,28,92,97,247
2,17,24,30,48,50,51,52,53,65,67,68,69,70,74,75,76,83,92,95,100,103,105,108,125,126,129,132,135,143,148,149,152,164,175,185,196,215,232,239,242,251,253,260,268,272,273,277,283,295
4,7,12,13,16,17,47,200,272,299
7,13,15,23,26,35,41,43,56,66,72,74,92,104,123,126,130,135,136,149,152,154,155,157,167,180,186,192,215,218,229,237,239,243,254,255,258,264,271,274,275,291,297,299
31,47,52,68,74,89,91,94,97,104,113,131,158,160,167,168,180,184,196,215,254,258,266,269,270,272,274,296
0,5,6,24,25,31,47,53,54,60,65,78,87,95,97,101,106,128,129,135,169,172,178,182,186,188,196,215,217,228,246,247,267,270,273,285
4,6,42,47,50,53,54,56,61,71,85,88,97,100,102,107,112,116,132,137,143,144,150,153,158,166,167,169,171,175,181,183,187,190,191,193,197,201,211,218,227,235,236,244,252,255,256,260,267,275,285,295
0,4,6,26,42,44,47,51,52,54,68,85,89,92,97,98,113,127,149,162,165,167,193,196,203,237,242,280
0,17,25,39,51,52,53,68,116,162,166,199,202,213,224,280,289,294
0,27,29,35,36,74,82,85,89,105,129,130,200,229
17,24,26,49,52,68,72,84,92,118,134,137,148,159,168,175,184,194,210,219,265,276,280,285
13,27,36,59,60,62,80,81,88,101,103,109,111,138,142,155,160,161,172,176,185,187,190,191,194,206,207,212,220,226,231,233,234,248,257,282,292,295
3,24,26,39,41,43,79,216,225,285
13,30,57,142,209,213,243,282
11,13,23,24,28,41,51,57,105,143,152,158,182,197,213,240,273,296
8,33,39,44,52,74,86,101,111,123,132,137,159,185,203,205,217,218,250,262,268,288
3,15,23,30,57,63,65,67,76,77,85,92,96,99,106,111,117,121,123,127,131,134,137,144,146,148,150,152,158,159,164,194,197,200,207,211,214,221,225,237,245,246,255,261,265,277,282,289,293,299
0,1,3,19,25,37,41,62,64,73,76,83,84,89,98,99,100,105,108,109,110,119,132,133,140,141,162,170,171,177,180,181,182,189,197,209,210,216,230,231,233,235,247,253,256,259,266,267,272,274,279,282,283,295
0,15,19,25,27,36,37,63,72,75,77,86,93,110,112,117,119,123,126,143,148,151,156,161,165,167,176,190,199,200,219,241,242,252,254,255,256,272,274,276,278,282,291,297
3,11,13,17,44,47,51,62,73,76,86,113,121,127,130,133,134,144,151,185,195,205,213,223,237,238,241,245,247,251,260,267,272,282,283,297
4,11,31,33,35,36,39,49,80,93,101,111,112,117,127,138,144,146,148,152,154,157,160,174,186,193,196,197,198,215,219,235,240,245,249,257,259,266,282,293
14,37,41,45,47,62,288,298
0,13,24,33,45,47,50,53,54,56,78,87,95,122,134,166,174,184,195,201,213,243,261,273
14,16,26,37,40,44,47,77,81,86,95,98,102,132,137,141,153,155,162,170,175,176,191,205,207,216,222,225,226,227,230,233,266,270,272,294
20,22,40,41,45,47,83,85,90,95,96,112,117,120,122,124,138,139,140,145,146,150,154,186,187,189,190,193,195,211,218,221,229,234,239,241,249,255,262,263,270,271,272,273,286,292
6,42,52,76,98,106,128,130,191,192,195,197,219,236,254,282,287,294
4,17,26,39,43,49,56,64,76,77,82,90,103,126,127,135,138,157,159,166,170,171,173,174,176,177,193,199,205,216,231,245,250,259,271,275,281,282,296,298
11,26,41,63,65,78,81,83,86,87,101,103,104,108,117,120,131,133,135,138,139,145,150,151,155,165,166,168,172,176,177,187,198,201,204,208,214,233,256,258,261,264,266,279,280,281,282,284,287,288,293,296
0,7,22,26,30,33,43,47,49,50,55,61,89,92,99,100,107,129,132,156,159,162,163,168,172,176,177,187,189,198,201,212,213,241,245,250,251,253,261,266,271,278,292,293
4,7,25,47,64,127,134,271
16,24,26,34,47,62,63,65,71,72,84,95,106,109,114,126,129,130,136,140,145,146,151,152,153,161,164,168,180,185,192,195,200,206,209,210,211,212,216,220,224,237,242,243,247,252,255,258,264,265,272,279,281,287,293,296,297,298
0,4,41,62,64,69,72,136,151,170,201,213,250,264
3,13,38,45,51,68,73,86,92,93,95,106,110,118,121,127,145,154,161,165,171,185,198,200,207,219,220,226,230,237,249,255,269,277,287,289,292,294,295,297
3,10,13,36,42,58,82,98,108,111,120,121,127,134,147,158,159,160,163,166,169,170,171,173,190,200,205,207,212,221,231,245,252,253,256,257,280,293
4,11,18,21,29,31,33,57,66,85,86,87,91,94,104,105,117,122,126,129,131,145,154,155,162,163,164,170,178,179,180,196,200,217,220,224,227,228,229,230,233,235,244,245,256,259,262,264,267,269,276,285,287,294
1,3,17,26,35,57,69,73,90,93,102,210,229,241,248,291
0,8,10,28,36,55,72,79,84,91,98,103,104,109,128,133,134,143,159,168,170,200,206,208,213,231,241,269,272,283,294,296
18,42,44,47,63,70,73,109,130,152,158,167,172,173,179,207,212,220,223,241,251,268,277,285,288,299
4,18,25,31,41,56,63,76,82,267
14,18,25,29,38,52,53,55,62,70,80,98,108,146,149,153,159,172,178,190,203,205,242,246,267,273,288,290
3,39,44,61,64,65,69,73,78,80,87,104,106,110,116,119,120,121,124,128,136,142,144,147,157,170,172,182,190,192,193,194,198,203,205,215,216,224,225,232,237,240,242,248,249,255,258,269,273,275,281,285,289,290,291,294
23,33,39,51,68,73,80,86,93,97,100,105,117,119,121,126,130,136,138,149,152,157,161,178,194,196,197,199,204,205,210,214,217,224,235,239,248,252,253,258,264,267,272,285,294,297
7,27,30,35,39,45,52,57,98,135
6,10,28,37,38,50,53,55,63,74,91,99,100,105,122,125,129,136,139,145,148,150,158,162,164,174,177,187,196,197,203,205,206,210,218,220,221,225,229,235,237,238,239,241,256,259,261,272,274,286,290,295
2,10,13,15,25,29,35,44,70,72,81,92,95,98,106,119,132,141,144,148,152,167,174,175,187,188,190,191,199,204,208,223,265,275,286,288,296,299
8,25,36,50,80,82,89,94,97,99,109,113,117,130,140,149,162,164,200,201,204,209,210,211,223,224,236,239,240,242,245,261,265,270,271,278,284,285,297,299
6,24,28,30,31,34,36,39,46,47,49,53,56,62,74,78,90,181
16,17,25,41,44,64,66,78,81,87,102,104,109,130,144,151,161,163,164,177,187,202,211,213,221,232,238,239,242,246,254,264,266,274
13,14,15,23,24,25,26,50,80,91,95,98,110,126,127,129,134,137,143,148,149,152,164,169,172,173,177,179,180,182,185,186,193,195,196,197,198,200,201,204,206,209,210,216,218,225,241,246,251,253,256,267,274,278,283,284,291,293
3,18,29,30,31,33,42,47,51,68,69,70,76,78,90,94,127,256
5,11,13,26,31,62,70,100,104,105,111,120,121,122,123,124,130,135,143,153,157,174,177,180,182,194,205,206,212,213,215,217,219,220,222,227,231,233,235,241,246,256,257,279,286,287,296,299
4,6,13,17,33,35,42,46,50,51,52,53,87,91,98,130,140,155,191,194,202,217,223,249,254,258,269,280,286,297
10,40,42,44,53,63,69,71,79,82,85,88,90,94,97,103,105,118,130,137,162,167,176,209,217,218,221,256,263,265,266,267,289,296
3,27,38,41,45,62,63,74,89,91,144,214,233,259
8,10,17,24,28,33,42,47,52,63,74,87,89,96,105,107,113,114,119,121,123,124,126,129,130,132,138,144,154,161,175,176,179,180,184,195,201,204,205,207,211,217,221,222,229,242,245,248,252,255,259,261,281,283,284,288
3,4,8,10,34,42,44,51,57,61,66,73,110,120,126,132,138,150,160,169,203,223,226,230,238,250,252,259,260,285,292,296
18,30,52,69,81,93,103,104,116,124,125,131,134,135,145,146,149,151,152,160,164,170,172,175,177,178,180,186,189,190,192,197,204,207,208,216,217,218,219,222,227,228,234,238,241,253,257,258,259,261,273,281,284,286,288,290
7,18,22,36,47,57,72,73,82,98,102,109,118,183,202,213,238,250,260,289
13,17,24,29,30,41,49,50,73,80,82,86,93,96,102,124,128,135,158,166,172,191,201,218,233,248,252,254,271,280
13,23,41,47,55,60,63,80,87,89,96,98,100,238
17,19,26,45,51,62,71,76,78,86,90,111,114,115,118,123,125,128,144,145,146,154,158,159,163,165,173,175,177,180,185,186,189,191,192,200,205,206,209,210,219,223,236,238,239,259,263,269,270,272,275,277,286,290,292,296
2,3,52,74,100,121,154,168,189,199,200,209,212,215,218,246,253,258,261,270,286,295
14,26,30,37,41,47,63,73,79,85,109,111,118,121,122,124,126,127,135,138,141,146,155,162,163,172,175,178,181,183,184,188,192,195,196,199,201,205,207,208,210,213,215,221,224,233,239,245,255,262,263,273,277,283,285,288,289,291,292,296
13,34,35,38,57,63,76,82,83,91,93,103,108,113,117,122,127,132,141,143,147,149,161,165,169,176,177,184,188,192,198,202,203,204,208,211,218,225,229,233,241,246,251,253,265,268,271,274,293,297
13,30,38,40,63,64,78,86,94,101,128,150,151,154,169,171,175,177,180,186,207,217,238,242,243,251,267,279,282,286
0,1,25,29,45,57,61,62,66,79,96,106,108,115,118,124,126,134,140,170,172,177,184,185,187,190,204,206,210,212,214,221,225,226,227,229,230,232,245,251,252,255,258,259,264,265,267,271,272,283,284,297
29,35,45,52,64,66,70,123,134,209,221,225,235,239,242,249,253,269,280,298
3,24,25,37,41,50,53,65,91,100,109,116,118,119,122,137,141,149,154,155,157,161,162,164,171,178,181,196,197,201,206,208,209,223,231,234,251,259,267,274,292,298
0,17,28,34,40,43,76,100,106,138,141,147,205,231,262,298
3,15,17,26,38,45,106,111,127,128,135,139,149,150,156,158,164,178,179,185,189,190,205,208,211,216,233,235,236,241,247,251,253,264,267,273,274,287,292,296,298,299
3,38,45,52,54,86,102,113,120,124,148,156,157,175,188,199,214,218,219,229,230,236,240,244,270,273,278,292
8,11,25,26,27,35,41,62,64,66,70,73,80,87,91,109,279,284
1,2,56,78,98,103,106,108,111,113,189,286
13,17,23,24,25,35,37,41,42,63,64,86,87,90,100,113,122,127,142,146,154,156,157,158,175,181,184,190,196,198,203,211,213,214,221,222,228,243,255,258,259,261,262,265,277,279,280,286,289,290
4,24,27,39,70,73,79,86,96,101,116,123,130,142,150,152,156,166,176,178,185,195,197,198,200,203,218,219,238,246,248,252,270,274,293,295
0,3,24,27,33,35,37,42,44,62,65,78,79,86,87,96,100,107,108,159,186,235
3,17,19,20,26,68,70,80,89,96,108,109,113,119,162,170,272,281
3,17,25,28,31,41,44,49,61,62,64,96,100,106,112,120,126,130,140,175,193,208,215,216,219,220,231,243,245,247,267,285,291,299
3,24,35,38,39,70,86,96,100,102,104,108,111,116,127,134,139,141,143,144,145,153,154,156,160,162,164,169,171,176,179,181,191,192,193,194,198,199,205,221,222,223,243,253,259,261,262,282,285,288
10,25,27,47,89,102,106,126,127,128,133,138,140,142,145,150,151,152,158,165,167,168,174,185,195,200,205,209,215,217,223,231,238,241,243,253,261,267,268,270,275,280,288,295
6,10,13,16,17,23,25,47,49,64,72,76,80,87,94,100,101,108,111,123,125,131,134,135,137,138,139,152,154,155,166,170,180,184,191,197,198,202,203,210,211,216,226,232,237,246,256,257,260,266,267,271,280,283,285,287,290,295
26,33,36,39,53,62,65,66,72,75,78,79,94,95,108,109,115,119,124,125,134,138,207,298
2,13,14,28,40,51,71,82,86,104,106,110,115,125,131,132,133,136,152,154,156,162,166,172,173,176,181,183,185,186,189,190,193,194,198,201,202,204,205,206,207,212,218,219,237,241,251,260,267,269,271,272,277,282,284,287,288,299
15,38,40,41,47,51,55,74,76,80,89,94,100,131,132,133,135,143,147,155,157,162,164,167,171,179,186,198,210,214,217,228,240,241,248,254,255,269,279,281,287,289,293,295
35,38,39,49,55,65,71,76,83,87,91,93,96,97,98,100,120,123,131,132,135,136,149,154,162,163,172,185,188,189,198,202,211,217,220,228,229,231,233,234,235,237,238,243,244,247,250,253,256,258,263,277,284,290,291,292
4,8,13,17,25,26,29,35,36,38,45,50,62,73,80,102,126,128,129,130,138,148,169,210,211,212,214,218,219,226,236,247,251,257,287,288
0,6,8,25,26,30,38,44,47,52,61,63,69,74,90,100,101,109,128,129,130,138,139,143,145,149,153,156,161,162,168,170,173,176,180,188,197,203,208,212,214,216,219,221,222,223,230,233,236,242,247,253,258,264,265,268,271,272,279,280,282,288,291,293,294,296,298,299
18,30,39,40,41,63,65,73,82,125,128,129,138,142,144,147,149,154,158,159,161,164,169,172,180,184,193,194,196,199,205,212,218,220,224,227,231,235,236,241,245,248,253,256,261,282,288,289,292,294
16,36,42,56,62,65,68,75,79,82,94,102,111,112,124,126,127,156,161,163,185,189,205,218,225,226,242,250,270,283,288,293,295,298
4,6,13,15,40,41,44,47,49,51,72,73,88,96,102,104,108,115,126,129,130,146,235,238,253,265
3,4,35,36,40,49,76,77,86,87,89,128,130,139,141,143,145,146,147,148,156,161,162,169,172,173,174,176,178,181,182,186,189,193,194,195,198,203,225,226,227,229,231,234,238,241,247,248,249,250,254,258,261,277,278,279,287,290,294,297
38,41,42,52,56,61,62,69,94,98,113,126,155,158,159,161,164,171,174,178,180,185,194,196,201,202,218,219,223,224,227,232,235,239,243,246,248,249,263,266,270,272,279,281,283,291
0,14,19,31,35,36,57,66,70,72,73,87,100,101,108,114,125,126,127,131,132,133,197,202
0,4,36,37,70,73,89,115,124,126,132,136,140,143,146,150,159,162,163,164,172,177,179,183,192,193,200,203,206,209,211,213,220,224,234,236,239,241,249,250,258,259,269,271,274,278,280,284,285,287,290,291,292,297
15,63,70,76,91,97,111,123,125,139,156,163,164,167,169,173,174,177,183,185,188,189,194,200,201,203,208,211,219,224,233,235,238,239,240,246,247,253,254,262,266,269,277,288,290,297,298,299
32,35,36,63,69,90,108,109,113,114,124,136,145,223,258,292
13,14,18,39,40,42,57,59,86,119,120,125,133,151,153,154,169,172,175,179,192,196,206,209,213,215,223,227,237,245,249,254,256,267,268,269,281,283,286,290
4,9,24,29,36,47,52,60,64,82,94,96,109,124,129,132,136,139,144,145,153,154,155,165,166,167,168,172,173,174,179,182,186,188,197,201,203,207,208,210,217,220,222,229,232,240,244,245,248,253,255,265,267,270,271,276,277,278,279,283,288,291,293,294
24,26,52,62,65,66,86,90,93,99,100,106,124,133,143,148,149,151,159,163,164,165,167,168,172,178,179,180,191,196,197,201,206,210,212,216,219,223,227,228,231,232,233,236,249,256,259,262,265,270,272,280,291,296
0,10,25,26,42,70,73,76,78,80,89,102,106,124,125,132,136,141,143,150,152,153,158,163,183,187,188,189,192,202,203,205,213,215,216,220,222,226,228,235,246,255,277,287
4,15,27,33,44,45,62,66,70,76,85,102,106,108,119,135,136,139,147,149,151,152,153,156,159,161,162,170,171,173,177,181,188,196,197,210,215,216,217,220,225,229,230,233,234,238,240,242,244,245,247,248,253,256,258,260,261,262,266,268,269,272,276,278,289,294,296,299
8,10,15,17,41,79,86,109,114,129,133,136,146,185,196,199,212,271,296,298
6,16,23,33,34,47,56,62,64,66,89,90,94,116,131,136,144,198,202,224,276,283
10,15,16,26,28,42,43,47,49,53,85,87,91,94,102,109,113,115,130,132,133,144,146,160,161,170,173,176,180,183,185,191,194,196,201,204,205,211,215,217,219,221,224,226,243,253,256,257,262,265,266,268,272,281,287,293,296,299
3,11,14,19,27,33,36,41,52,62,70,73,89,101,110,115,120,125,139,145,151,152,153,154,156,163,165,170,177,199,214,219,226,227,234,235,244,252,254,265,267,281,284,289,290,298
3,19,35,64,65,73,76,77,93,102,110,125,142,144,146,150,177,198,202,231,233,247,260,263,274,292
0,6,19,37,41,47,49,60,62,66,76,83,87,90,94,102,120,125,126,128,145,146,150,153,159,168,173,213,214,215,219,222,223,246,250,259,260,268,282,285,286,292
0,3,10,35,39,45,52,69,76,85,96,124,132,142,143,145,146,150,152,156,158,159,161,162,164,165,168,171,173,175,177,180,183,192,193,194,202,208,210,215,218,219,221,225,227,236,254,256,258,271,274,275,281,285,290,292,293,295,297,299
4,15,38,42,45,49,66,70,78,80,100,106,107,110,113,119,124,126,128,130,133,142,143,150,160,165,168,174,185,188,195,196,198,200,204,205,209,212,224,226,230,243,248,255,257,258,269,271,280,282,286,287,291,294,298,299
6,13,16,27,36,43,49,57,69,73,80,97,108,113,126,129,137,143,164,170,182,186,191,192,201,214,217,218,249,251,255,259,262,268,286,297
35,38,64,74,115,116,119,120,124,128,132,134,136,140,146,150,153,161,169,170,178,182,183,187,190,191,194,195,198,203,223,226,227,228,230,242,244,247,248,250,251,260,263,266,274,276,286,288
3,23,31,37,42,49,66,72,86,87,96,113,116,119,129,167,185,193,205,232,244,295
8,37,50,52,60,62,79,83,89,104,106,115,119,125,133,137,145,153,179,202,204,224,237,239,247,250,251,259,264,265,268,271,282,287,290,293
6,18,24,38,45,56,61,62,72,74,79,82,85,106,121,133,137,139,144,146,152,153,160,168,170,177,178,182,188,193,194,196,197,204,205,207,211,212,224,227,228,231,238,247,248,250,251,252,257,258,263,268,273,277,281,282,286,287,288,289,294,299
0,13,15,17,37,50,57,66,79,101,102,124,149,154,159,173,183,185,194,197,207,214,219,230,250,254,257,268,272,273,274,275,282,293,295,298
8,26,57,64,76,78,87,93,100,109,113,132,133,134,136,137,146,149,153,156,164,169,170,174,179,186,187,188,189,190,191,194,195,199,200,219,221,224,229,233,234,235,238,243,245,246,247,249,252,258,259,260,262,263,265,268,269,271,275,276,278,280,282,283,287,288
0,13,33,53,54,63,69,74,80,89,91,98,108,113,122,124,128,129,130,132,136,139,146,153,163,164,167,168,173,177,179,181,184,188,190,191,197,200,202,206,207,210,215,218,220,222,229,231,233,237,239,240,244,249,252,254,256,257,259,260,267,271,272,280
0,26,42,74,79,80,93,106,108,130,134,139,140,144,145,150,162,165,167,204,206,209,211,220,225,227,244,245,247,253,258,263,269,270,285,295
3,4,10,23,25,28,47,62,76,80,89,91,93,94,102,113,115,124,129,133,137,139,140,144,153,155,161,162,172,180,185,188,189,199,209,221,223,233,237,253,262,263,264,267,268,270,281,295
2,3,14,17,53,64,73,78,106,109,125,143,144,150,153,154,163,169,182,187,231,233,281,286
10,15,33,38,42,52,54,68,72,73,79,104,120,126,128,143,174,175,177,181,184,185,186,192,197,199,203,205,206,208,210,213,214,215,222,224,225,226,230,234,237,239,241,245,248,249,251,253,261,269,273,279,281,284,286,292,295,296
3,15,17,28,33,36,49,50,52,53,64,83,90,98,125,129,140,143,144,157,162,163,174,176,202,203,210,215,226,227,229,230,235,239,240,248,257,266,272,275,279,296
13,25,27,33,39,50,56,73,74,76,82,107,125,132,143,144,152,153,154,159,162,171,178,187,195,198,205,215,216,220,234,236,248,258,285,292,293,298
3,18,19,20,30,31,33,37,51,52,79,94,101,109,110,124,131,133,136,140,142,156,161,165,172,191,208,215,223,235,254,257,269,274,279,285,290,297
31,36,37,39,41,43,63,69,72,77,79,80,82,86,102,111,122,126,132,146,149,150,155,156,159,161,171,172,173,175,180,182,183,185,191,192,195,198,200,204,205,206,209,212,213,215,220,222,226,227,233,234,235,236,237,239,240,243,245,248,249,253,254,256,259,260,266,271,273,274,287,290,292,293,294,298
3,27,28,35,52,63,72,78,79,110,113,124,129,137,146,153,168,170,192,194,196,197,198,201,207,210,214,215,218,219,220,224,227,250,255,256,262,263,267,273,280,281,285,291
19,33,35,51,57,73,74,83,85,86,94,102,104,108,111,128,130,133,136,139,142,143,144,164,169,170,176,184,185,187,190,191,192,194,196,200,201,204,205,216,217,219,220,224,226,227,229,235,243,244,245,248,249,250,253,254,258,261,262,267,268,270,272,281
10,13,39,40,72,79,83,94,106,128,132,136,140,143,146,149,152,153,160,162,170,262
13,36,37,66,68,72,89,90,96,125,136,137,140,143,154,161,166,167,176,186,213,268
0,2,11,25,34,47,52,56,69,90,100,102,106,108,110,116,119,123,142,153,166,170,217,235,257,285,286,294
25,57,64,69,72,73,74,98,100,109,120,124,128,132,136,149,167,172,174,177,179,183,189,193,194,202,204,213,214,218,221,222,224,227,231,233,237,238,241,243,244,245,254,259,260,263,267,268,271,273,275,276,277,284,286,288,292,293,298,299
2,63,72,73,74,89,93,94,96,102,106,109,110,111,139,140,146,150,151,153,159,162,166,176,187,188,191,193,195,199,200,202,203,206,207,210,212,216,219,220,228,229,236,243,245,249,262,264,267,268,269,270,274,277,284,285,287,289,293,294,295,297
0,17,43,44,45,51,80,85,87,102,108,113,115,120,136,137,144,156,159,168,181,190,192,195,197,203,209,210,211,213,214,215,217,220,223,224,226,228,231,232,238,242,243,245,246,249,250,253,254,255,258,264,265,266,268,283,288,289,290,291,292,294
6,80,83,94,100,115,124,129,139,142,143,144,158,161,162,176,181,183,187,188,189,190,199,201,208,209,210,211,212,213,216,218,220,222,224,225,226,230,235,236,237,238,239,240,246,248,253,255,257,258,259,266,269,270,272,273,274,275,276,278,282,284,286,288,290,298
6,14,15,19,24,34,35,38,42,43,49,50,63,76,80,94,96,100,102,106,110,126,132,133,137,144,149,153,164,170,181,184,185,186,198,199,200,211,213,214,215,221,226,228,231,234,242,247,249,253,256,257,258,260,265,268,273,274,276,278,279,283,291,293,294,298
2,4,13,22,25,33,41,52,63,92,108,113,119,124,128,136,146,162,166,178,179,180,184,185,190,191,193,197,198,199,200,203,210,211,213,215,217,218,220,223,224,225,228,232,233,234,239,243,247,253,261,262,265,266,268,272,280,281,285,286,288,291,292,299
35,51,60,63,86,94,96,136,143,155,156,159,165,170,184,185,190,198,199,203,217,223,229,234,237,238,245,246,252,260,262,264,266,269,277,281,291,293,296,299
25,31,35,40,52,103,108,128,139,140,145,149,153,156,160,170,176,179,185,187,188,189,191,192,193,194,195,200,202,204,206,212,216,217,218,219,225,229,230,231,234,236,239,243,246,249,253,254,255,257,259,261,263,267,270,271,275,277,281,282,283,286,289,290,292,294,296,298
25,37,50,56,68,100,108,109,111,119,126,133,162,166,172,180,181,182,185,188,192,200,204,205,209,210,211,212,213,214,217,218,220,224,228,229,239,241,245,248,253,254,260,261,263,265,266,274,275,279,280,284,285,286,288,289,291,292,295,297,298,299
8,19,24,42,45,47,57,61,65,76,78,94,106,111,115,120,125,128,130,134,137,140,147,149,154,157,160,164,166,170,172,180,181,182,183,184,187,188,189,190,191,192,194,196,198,199,205,210,212,213,214,215,221,222,225,227,231,232,236,238,243,245,250,251,252,255,256,261,262,264,267,271,274,275,277,280,282,283,284,285,287,288,297,298
36,38,49,51,66,70,94,102,106,110,121,128,129,136,143,155,161,166,174,180,197,211,224,230,233,249,253,270,274,285,289,299
4,26,38,42,45,52,57,70,73,74,89,90,93,111,145,156,161,165,168,172,177,179,183,185,188,193,196,199,204,208,209,214,215,224,230,239,240,244,253,258,264,265,277,281,289,290,291,292,294,295,298,299
17,28,38,51,90,108,109,116,130,132,140,143,145,146,154,159,161,162,164,177,179,183,184,185,187,190,202,203,208,219,220,221,231,235,238,242,243,249,253,264,265,268,269,277,281,282,285,286,288,289
6,25,27,31,38,63,70,74,102,106,107,115,118,128,130,134,136,140,145,161,164,176,179,183,185,199,200,227
10,39,43,52,57,64,70,79,85,86,90,102,111,115,119,128,156,161,162,172,178,179,181,182,185,188,200,215,220,227,229,236,237,239,246,247,248,250,253,261,265,268,270,273,274,277,278,280,282,286,287,294
30,43,52,57,69,71,90,97,104,106,124,126,144,149,155,156,161,162,169,170,172,177,181,183,185,194,198,203,211,213,214,217,220,228,231,234,238,241,243,244,247,248,249,255,260,264,266,268,271,272,282,285
3,14,15,18,34,39,45,49,71,76,86,102,106,108,109,124,139,142,145,153,155,166,170,171,172,178,183,184,185,280
4,9,13,34,36,43,52,53,66,70,72,86,94,123,124,128,133,136,139,153,157,159,176,177,181,183,187,194,202,203,204,205,208,209,210,215,218,221,222,224,226,227,228,235,236,237,238,239,241,244,248,249,250,253,254,258,263,264,266,267,270,272,277,279,287,288,289,290,291,295,296,299
4,44,56,57,62,86,87,96,97,124,128,133,136,137,140,149,153,156,159,160,161,171,172,176,183,185,191,193,204,210,211,212,213,215,217,229,230,231,233,236,237,243,245,248,251,253,257,258,270,272,275,279,281,283,290,293,294,298
0,3,8,10,18,26,35,36,40,65,68,70,71,76,94,100,108,120,125,136,154,156,161,168,170,177,178,183,200,201,208,209,218,222,223,232,234,241,248,249,252,262,269,271,273,274,276,285
7,17,36,40,42,47,50,51,53,66,80,87,89,94,108,113,119,133,137,142,144,146,147,149,154,159,171,172,185,187,197,203,207,213,215,221,222,223,225,226,230,234,236,237,238,239,240,242,245,250,259,275,277,279,282,294,296,298
4,5,20,30,41,52,60,62,63,66,71,87,89,94,102,113,120,126,132,138,143,144,146,159,160,162,166,171,178,181,186,196,199,200,202,206,211,212,214,215,217,218,220,221,222,223,224,227,230,231,232,235,237,239,245,246,247,250,253,254,255,257,258,259,260,261,263,266,268,269,270,271,272,274,276,279,282,283,284,286
4,6,24,25,33,36,44,66,73,74,78,86,94,109,119,120,124,126,128,129,130,136,148,151,154,156,168,170,171,180,181,182,185,191,199,200,202,204,205,206,211,214,215,217,222,225,226,227,228,229,230,231,232,234,238,239,241,243,244,245,246,247,249,250,251,253,259,262,271,272,279,280,281,282,286,291,293,294,295,297,298,299
0,24,27,30,36,39,54,64,72,87,90,107,108,116,124,133,147,150,161,164,166,177,179,180,181,182,185,187,189,197,198,202,205,208,209,211,213,215,224,235,236,239,247,248,251,253,255,258,265,270,271,272,274,275,278,284,290,296
6,41,48,55,62,64,76,78,79,80,82,91,94,106,107,120,125,139,140,154,161,162,170,172,177,180,181,183,184,189,190,195,197,198,234,240
0,13,33,39,44,52,68,73,74,77,91,94,100,104,108,113,128,137,140,143,144,149,155,171,172,179,195,203,206,210,213,216,220,221,222,225,226,231,232,234,240,241,244,246,249,254,255,256,257,259,264,265,267,269,273,277,280,281,282,284,286,287,288,289,291,292,293,296,298,299
0,3,15,26,30,54,93,97,103,109,126,128,130,137,138,145,148,151,153,158,162,167,176,177,183,188,193,197,198,199,205,210,219,242,244,257,286,298
10,23,24,38,53,61,85,86,89,101,109,119,120,126,132,136,139,140,143,145,156,166,167,177,178,181,182,188,191,193,196,201,216,246,253,256,276,284,287,292
13,23,36,73,87,90,91,94,100,102,109,111,128,149,154,158,159,163,170,172,176,183,184,187,193,194,198,205,209,210,211,214,217,220,222,225,229,231,234,236,238,240,241,244,246,247,250,253,254,256,259,262,265,269,270,271,272,273,277,278,283,284,286,288,289,293,295,297
7,28,29,30,35,37,42,61,65,69,72,79,85,86,87,89,96,100,106,108,114,115,124,125,128,133,134,145,149,154,157,159,166,168,170,172,184,185,193,198,199,202,204,209,210,220,225,226,230,231,247,248,254,255,257,285,287,298
3,19,33,35,42,43,57,76,82,89,94,96,106,111,113,128,139,142,144,162,163,166,170,177,183,197,198,201,208,213,216,220,223,224,227,228,232,235,236,239,240,242,243,245,246,247,248,250,251,252,253,256,257,263,267,271,275,276,277,280,281,282,283,285,286,290,291,295,298,299
19,34,36,45,57,62,69,78,79,83,100,102,108,110,127,128,143,159,160,162,171,177,196,216,219,230,236,241,250,252,255,262,263,273
5,24,37,38,40,41,73,82,90,102,108,109,113,115,123,132,140,143,153,166,169,179,187,188,193,195,199,206,209,210,212,215,217,219,223,224,232,233,236,237,240,241,243,248,253,255,256,261,265,266,269,271,273,274,278,280,282,284,285,286,287,288,291,292,294,297,298,299
8,19,24,37,44,59,63,76,91,94,98,106,107,112,113,125,139,142,154,163,164,170,178,179,184,187,193,195,199,204,205,208,213,222,226,231,235,238,239,244,245,247,257,265,267,269,272,275,283,286,288,296
30,35,39,40,56,63,76,81,87,89,91,94,106,108,111,126,129,131,143,144,146,153,162,166,167,171,177,178,179,181,184,185,193,194,201,202,204,205,208,211,219,221,222,229,240,241,242,245,251,254,259,264,272,276,277,281,287,289,290,292,296,298
3,17,30,52,62,70,76,91,93,100,109,115,119,126,130,131,139,140,149,159,163,178,179,180,181,184,186,191,194,197,198,199,204,210,217,222,224,225,231,236,238,239,240,242,252,259,263,269,284,293,295,296
2,4,13,15,26,57,74,76,79,83,96,107,111,128,131,132,133,144,147,154,159,170,177,179,183,184,185,194,197,208,213,214,218,219,220,221,225,227,233,238,240,244,245,246,247,248,249,250,251,252,256,257,260,261,262,263,264,265,266,267,268,269,271,273,276,280,282,283,284,288,289,290,291,292,295,298
10,33,35,38,54,59,60,65,68,74,77,82,93,96,103,108,119,139,142,145,152,166,170,174,176,178,179,180,181,184,185,191,194,196,199,201,206,209,212,216,221,232,241,255,272,277,288,292
6,24,38,43,62,73,87,99,111,116,119,129,131,132,150,152,155,160,166,171,176,178,180,184,185,187,191,197,198,204,212,215,216,220,223,224,227,229,230,231,236,237,239,242,243,248,250,252,253,259,261,264,265,268,271,273,275,277,278,280,281,282,286,287,289,290,291,292,293,295,296,299
6,22,24,31,35,38,44,45,47,49,50,51,66,86,96,107,108,123,125,142,145,146,149,152,153,162,166,167,168,169,170,171,178,180,181,185,187,190,193,194,196,197,198,199,208,214,256,298
4,36,41,45,58,63,69,72,76,86,94,102,115,123,126,132,144,145,146,168,172,177,179,183,201,203,206,207,213,214,218,219,223,225,233,238,239,241,247,252,254,258,260,263,264,270,272,273,276,277,278,281,285,286,289,292
0,17,25,38,41,45,51,61,80,87,96,97,98,100,102,110,125,129,130,143,146,149,155,172,175,178,181,182,183,184,191,194,197,198,204,208,211,229,249,261,290,296
24,29,38,45,49,52,61,70,89,94,98,102,104,107,109,116,120,128,131,133,134,137,153,155,162,171,176,179,181,183,184,193,195,197,212,216,221,224,225,227,230,232,233,235,238,239,241,243,249,254,255,256,260,263,264,265,273,277,279,286,288,293,296,298
0,3,4,12,17,35,37,39,56,64,66,71,78,96,102,106,116,120,123,128,131,132,137,140,144,149,150,152,153,160,161,171,172,177,183,188,202,207,208,210,212,216,220,223,225,230,243,253,255,256,260,261,263,271,278,279,293,297
26,38,57,76,78,80,83,89,96,123,130,133,139,143,145,146,162,163,168,170,171,172,177,178,179,181,184,188,190,191,197,201,204,205,206,212,214,219,221,225,227,232,233,237,238,239,240,241,243,244,246,247,252,255,256,257,258,262,267,268,269,271,275,281,283,284,287,288,289,290,292,294,295,296,298,299
39,41,62,70,79,89,93,98,100,108,111,112,119,124,132,149,153,161,164,176,180,185,188,193,196,197,201,210,212,213,218,220,222,223,225,226,227,228,234,236,237,238,239,240,242,243,250,252,253,254,259,260,262,263,264,267,268,269,273,274,278,279,280,282,283,285,288,289,290,291,292,293,294,298
0,13,15,17,27,28,29,69,96,100,102,119,124,132,143,145,152,162,166,170,176,179,185,193,195,196,197,198,201,204,209,210,211,221,224,233,234,236,237,240,241,247,249,257,258,259,269,278,282,283,293,294
11,13,17,43,44,65,83,90,91,97,101,106,113,124,125,132,137,141,142,144,152,156,164,169,178,181,182,195,196,197,206,208,214,216,219,221,224,227,230,231,234,236,237,239,240,244,245,250,251,252,253,254,256,257,258,259,260,261,262,263,265,270,273,274,275,279,280,281,283,286,287,289,290,292,294,295,296,297,298,299
17,19,28,38,39,40,54,76,80,86,87,91,108,133,137,139,140,148,149,154,158,159,161,166,171,172,176,178,179,181,184,186,187,193,197,199,206,208,211,214,218,222,223,229,231,243,245,250,251,255,259,260,263,265,277,280,284,285,290,291,296,298
18,25,28,58,62,69,86,89,94,109,111,112,134,136,146,153,163,166,179,181,183,185,196,198,201,204,205,211,212,216,218,219,220,221,227,228,230,231,234,237,239,240,245,247,249,252,255,256,260,264,268,270,272,273,274,276,279,281,282,283,286,289,292,293,296,299
26,36,42,57,69,78,101,111,126,131,134,136,145,149,150,154,156,166,167,170,172,178,179,180,193,196,198,201,205,209,221,228,232,236,237,241,252,257,260,263,269,270,277,278,279,280,281,291,295,296
10,16,30,33,34,37,39,45,52,69,80,96,102,111,133,136,137,142,144,150,153,156,159,163,167,170,171,172,176,185,189,190,193,197,198,206,212,214,218,220,221,223,225,228,235,236,237,244,246,249,250,251,254,256,259,260,261,263,266,267,268,270,275,276,277,278,279,282,285,286,287,288,289,292,293,295,298,299
16,17,51,80,102,119,129,130,144,145,156,159,177,178,180,181,184,191,193,198,206,221,225,226,227,230,231,233,236,237,238,239,240,241,243,244,246,247,248,250,252,253,255,257,258,259,261,264,269,270,272,273,274,275,277,280,281,282,287,288,291,292,295,297
11,14,24,33,40,49,55,70,80,81,89,100,109,111,116,130,136,143,146,161,162,167,172,177,182,183,184,190,194,198,204,210,214,217,224,237,239,240,259,262,267,269,272,277,289,293,297,299
6,19,37,63,69,78,80,101,111,116,132,146,154,156,160,166,167,179,183,186,187,194,196,197,198,205,207,214,218,219,223,225,228,253
1,10,16,33,37,39,41,57,63,72,79,82,96,113,114,123,125,130,133,136,144,151,159,162,165,176,178,180,183,185,188,191,194,197,198,201,204,205,209,211,214,223,224,225,228,236,241,244,246,273,279,280,283,297
6,35,37,40,41,45,47,86,93,111,126,137,143,144,157,178,181,185,195,197,198,201,206,208,213,218,220,226,237,239,245,247,249,251,254,255,260,265,269,270,279,281,283,285,293,298
17,57,63,69,73,80,96,99,104,108,109,115,130,132,140,144,146,151,161,162,164,165,170,176,181,186,194,208,212,216,218,220,222,228,235,236,241,242,243,245,248,249,250,253,254,255,256,257,259,262,264,266,267,269,270,273,275,276,279,281,282,283,285,288,289,290,291,292,293,295,297,299
15,26,31,34,57,70,102,113,130,136,139,146,150,161,166,168,170,180,181,182,183,191,195,196,198,200,201,204,221,222,223,225,235,238,243,254,272,288
4,41,45,52,63,66,80,87,89,96,112,115,121,130,133,135,137,140,145,150,161,167,169,170,172,175,179,188,193,197,199,206,209,218,227,233,234,236,238,239,240,243,246,247,250,251,252,255,257,258,259,262,264,267,270,271,272,274,275,278,279,280,281,282,283,284,286,288,290,291,293,294,295,296
5,10,13,17,42,44,52,71,91,106,115,116,131,132,133,139,144,153,168,170,177,179,183,185,190,193,194,196,199,204,206,207,208,211,214,221,222,223,226,227,228,231,233,235,237,238,239,240,242,243,244,248,249,250,251,252,253,254,255,256,257,258,260,263,265,267,268,269,270,271,272,275,277,278,279,280,282,283,284,285,286,287,288,290,291,292,293,294,296,298
10,37,38,42,49,53,62,65,76,78,86,89,126,128,130,142,158,162,164,166,170,176,179,182,190,193,194,196,197,208,214,220,221,222,223,225,226,227,228,229,232,236,239,241,243,246,247,248,249,250,251,252,257,258,259,260,261,264,265,266,268,270,272,273,275,276,277,281,283,284,286,287,288,289,290,293,294,296,297,299
65,89,93,101,102,103,105,106,110,120,125,130,135,136,140,146,159,161,176,178,179,182,185,188,191,193,196,198,204,209,211,212,216,218,220,221,228,234,235,236,239,241,242,243,244,245,246,247,248,249,250,251,252,253,254,255,256,257,260,261,262,264,265,266,267,268,270,271,272,274,275,276,277,279,280,281,282,283,284,285,286,287,288,289,290,291,293,294,295,299
3,27,35,40,47,49,70,87,89,91,93,106,108,112,137,139,140,158,162,166,167,170,179,181,183,184,187,190,193,196,197,198,199,206,209,211,214,216,218,220,221,223,225,228,229,232,235,236,237,238,240,243,244,246,247,249,250,253,254,255,261,262,263,264,267,268,271,272,273,274,276,277,278,282,283,284,285,288,289,292,293,295
6,7,38,41,60,66,86,91,116,129,140,143,146,162,167,170,179,187,196,200,201,204,206,208,210,211,212,220,221,222,223,225,228,229,235,236,239,242,245,247,248,252,255,257,262,264,268,269,270,272,275,276,277,281,285,290,291,292,294,296
10,15,36,64,65,70,74,81,82,83,89,94,96,102,109,115,125,128,129,133,136,139,166,176,184,191,193,195,198,201,204,207,208,210,213,216,218,220,222,226,228,231,233,237,238,243,245,249,250,252,256,260,263,265,267,269,271,272,276,281,287,293,294,296
0,6,14,23,28,37,38,45,47,53,64,76,85,86,91,93,100,110,112,132,134,146,156,178,180,188,196,202,206,210,211,214,221,233,236,238,240,243,246,247,248,249,250,252,253,255,256,257,258,259,262,263,264,265,266,267,268,269,270,272,275,276,277,278,284,285,286,287,289,291,293,294,295,298
11,14,49,59,68,76,110,119,123,124,125,130,137,149,154,161,170,172,176,177,178,181,183,185,188,191,194,198,206,208,214,218,219,220,221,224,228,233,234,235,236,237,238,239,241,242,255,263,277,293
10,22,33,42,52,80,116,130,143,146,150,156,157,162,163,172,176,187,191,193,198,201,202,204,209,212,220,223,227,228,231,236,238,239,250,251,255,257,259,264,269,271,273,275,276,278,283,287,288,292,293,294,296,299
3,37,62,65,66,72,74,79,80,91,100,108,111,123,133,142,143,146,161,163,166,170,172,176,177,178,182,184,185,194,196,197,198,206,209,210,212,223,224,225,232,233,238,240,241,281
2,13,51,62,85,93,94,96,107,109,120,126,137,140,145,152,161,178,179,182,183,190,197,198,201,203,204,206,212,220,227,228,231,235,237,238,239,242,247,248,249,250,251,252,253,254,256,257,259,261,262,263,264,265,266,268,269,270,271,272,273,274,275,276,277,278,279,280,281,282,284,285,286,287,288,289,290,291,292,293,294,295,296,297,298,299
4,20,26,43,45,46,51,63,65,76,115,123,130,131,132,136,140,146,151,156,158,159,161,163,180,181,190,191,197,198,199,204,205,206,209,212,216,220,222,225,228,232,235,237,238,239,240,242,246,252,258,259,275,281,292,294
24,30,57,81,86,87,100,104,120,129,133,136,137,143,146,154,156,159,166,167,168,170,172,179,184,190,191,193,194,195,199,205,206,208,212,214,228,233,236,237,238,240,242,246,250,263,269,277
2,22,24,36,37,66,70,78,86,97,112,136,137,139,142,144,155,161,162,166,170,172,177,178,180,183,186,188,191,193,195,198,201,212,217,218,222,225,227,232,233,236,237,238,239,241,242,246,254,255,257,260,265,266,272,276,277,279,280,281,282,283,293,294,295,296,298,299
2,4,10,37,44,61,72,74,77,101,103,130,134,136,139,152,156,158,159,160,171,172,178,185,190,193,196,197,198,204,206,207,212,214,221,223,224,227,228,233,235,236,237,238,239,241,242,244,246,248,251,252,261,269,272,274,275,276,286,288,289,294,296,297
16,47,65,74,83,94,109,110,111,113,115,128,131,155,156,158,159,166,185,194,198,199,206,210,212,223,224,227,232,235,236,237,238,244,246,250,258,262,264,265,266,268,271,273,275,278,280,283,286,290,292,295
1,8,24,35,52,64,76,79,87,100,101,104,111,120,150,159,161,162,182,185,195,206,207,211,212,214,216,220,221,223,225,226,228,235,236,237,238,240,241,242,246,247,250,253,254,255,256,257,259,260,261,262,263,264,265,266,267,268,269,270,271,272,273,274,275,276,277,278,279,280,282,283,284,285,287,289,290,291,292,293,294,295,296,297,298,299
4,26,27,42,47,63,74,79,87,94,102,107,109,112,115,124,125,130,132,133,135,140,143,146,149,163,164,166,170,172,178,179,180,181,183,184,186,187,188,190,193,194,197,198,199,203,204,206,208,214,219,221,223,228,230,233,236,238,239,242,246,252,258,259,268,270,276,280,281,284,287,292
4,19,49,50,64,71,93,97,104,129,136,140,142,150,153,160,162,169,170,172,176,178,183,184,193,197,201,204,205,210,216,218,221,223,227,232,233,234,236,238,239,246,249,252,255,257,259,261,262,264,265,266,267,268,269,271,272,274,275,276,277,278,280,281,282,283,284,285,286,287,288,289,291,292,293,294,297,299
10,18,26,27,30,41,49,52,62,64,70,76,78,86,100,108,111,119,129,143,145,154,155,171,178,179,183,185,191,197,199,201,205,207,208,213,218,219,220,224,225,228,232,233,235,236,238,239,240,242,243,244,249,252,254,257,258,261,262,265,269,270,272,274,275,277,283,284,286,289,290,291,292,294,296,297,298,299
14,36,38,52,63,64,73,79,80,89,94,95,96,98,126,130,133,142,144,146,149,153,162,170,171,180,185,201,203,204,206,208,212,215,218,219,220,223,225,227,233,236,238,241,242,246,252,260,261,262,264,266,267,268,269,270,271,272,276,282,283,285,286,287,291,292,293,294,297,298
23,26,34,57,66,79,96,102,126,131,149,154,159,160,162,167,169,175,179,180,183,194,197,201,202,205,206,209,212,220,222,223,226,228,233,235,236,237,238,240,242,244,246,249,252,254,255,259,266,269,271,273,274,276,279,281,283,285,287,291,294,296
2,4,24,25,33,38,42,49,50,73,76,86,87,97,102,107,111,119,130,132,136,139,141,146,153,154,159,161,163,168,172,178,179,180,187,193,194,197,199,216,220,222,223,228,235,236,237,242,247,251,253,255,260,261,262,263,266,271,273,275,277,280,282,284,285,286,293,294,295,296
4,6,10,15,17,39,44,63,66,72,80,89,99,100,101,102,106,111,113,119,124,139,144,152,155,158,161,162,170,176,179,183,196,197,198,201,204,210,211,214,221,222,223,224,227,228,229,233,235,237,242,244,246,247,252,253,254,257,275,290
25,28,30,33,37,38,47,52,65,101,103,126,128,146,151,152,156,161,162,170,176,180,182,184,191,197,212,216,218,219,221,223,224,225,226,227,232,236,237,238,241,249,252,256,258,263,264,265,267,269,270,271,273,274,280,281,282,283,284,285,290,291,293,294,296,297,298,299
3,34,35,36,62,68,73,74,89,91,100,102,107,119,124,125,133,136,146,166,172,181,183,184,185,190,197,208,212,214,217,219,223,227,228,237,238,239,246,250,252,254,255,256,258,262,263,264,265,266,267,268,269,270,271,272,273,274,275,276,277,278,279,280,281,283,284,285,286,287,288,289,290,291,292,293,294,295,296,297,298,299
4,6,9,23,30,61,70,80,108,114,119,124,140,144,146,149,155,161,164,171,172,173,177,181,182,185,195,198,204,207,212,220,221,223,229,233,235,238,239,240,242,246,251,252,254,255,256,258,261,267,268,273,274,275,276,282,284,285,288,289,292,293
4,24,35,36,39,70,98,106,108,130,137,151,156,159,161,163,164,171,176,183,184,193,197,206,207,211,212,216,218,219,221,223,224,226,227,236,239,241,242,243,246,248,252,258,260,261,268,269,279,280,284,285,290,291,293,295
10,30,35,37,39,49,73,76,77,80,87,93,111,115,132,158,164,177,178,182,185,187,188,191,193,201,210,212,214,216,218,221,225,228,233,235,237,238,239,240,242,244,246,251,252,254,256,260,261,265,266,267,268,269,270,271,272,273,274,275,276,277,278,279,281,282,284,285,286,287,288,289,290,291,292,293,294,295,296,297,298,299
0,26,38,56,62,76,90,91,98,109,111,119,132,135,143,144,149,150,158,161,178,180,181,184,187,188,190,199,201,204,208,209,212,214,218,223,224,232,236,237,238,241,242,246,249,251,252,254,255,260,261,264,266,268,269,270,271,273,277,279,280,281,282,283,285,286,287,290,294,296
0,3,13,20,50,63,66,69,73,74,93,98,126,137,140,146,149,156,167,170,178,179,181,182,184,191,193,197,208,212,227,233,237,238,242,246,249,251,252,254,256,257,258,261,264,265,267,268,269,270,271,273,274,275,277,278,280,281,282,283,285,287,289,292,293,295,296,297,298,299
3,4,13,28,51,52,63,65,80,84,85,87,94,98,110,111,113,115,123,125,126,128,142,143,150,162,164,171,172,176,177,183,185,193,201,206,209,212,220,221,227,229,233,235,236,238,239,241,242,252,254,256,260,261,262,264,266,269,270,271,272,273,274,275,276,277,278,279,280,281,282,284,286,287,288,289,290,292,293,297,298,299
2,8,11,13,24,26,40,44,45,47,61,83,109,125,132,142,146,149,152,155,158,159,160,161,164,172,174,176,177,178,180,181,188,190,191,197,212,214,220,221,225,227,236,237,238,239,240,242,246,251,252,253,254,256,261,262,263,264,265,266,269,271,275,279,281,283,285,286,289,292,293,297
0,26,35,41,50,78,80,82,86,97,106,112,128,129,139,140,142,146,154,161,163,166,169,177,179,182,188,195,197,201,204,208,209,211,212,220,221,222,226,228,229,232,233,236,240,241,242,244,246,248,250,252,254,255,256,257,260,261,263,264,265,266,267,268,270,272,284,288,293,295,296,299
50,51,69,70,91,106,107,116,120,125,134,137,143,144,163,164,172,177,179,183,186,190,193,194,197,199,204,216,223,225,226,227,228,232,233,235,236,237,238,240,242,246,252,253,255,256,260,261,264,265,266,267,269,272,273,275,276,280,284,288,294,296
0,11,35,49,70,72,74,75,91,104,109,111,126,128,132,139,143,147,153,154,158,161,162,170,176,183,185,191,195,197,198,199,204,206,208,212,214,219,220,235,236,238,239,241,244,246,251,252,254,256,257,258,260,261,264,265,266,267,268,275,276,277,279,280,281,282,283,285,288,289,291,294
0,17,25,47,48,50,63,64,65,69,70,76,82,87,89,106,111,122,128,132,137,144,146,149,160,162,167,172,179,181,191,193,194,197,198,199,204,209,210,213,216,225,228,229,234,235,236,237,238,239,240,241,242,246,249,250,252,254,255,256,261,264,267,269,270,275,284,292,295,297
28,42,47,51,60,68,70,85,86,102,108,115,116,159,160,166,170,171,176,179,180,190,195,201,204,207,208,212,214,216,218,221,223,225,228,231,233,237,239,244,246,251,252,257,258,260,261,262,264,265,266,267,270,274,275,276,277,278,279,280,281,282,283,284,285,286,287,288,289,290,292,293,294,295,296,297,298,299
13,41,49,50,63,64,89,93,94,109,113,115,120,139,151,153,156,160,169,170,177,179,180,184,185,186,190,195,197,199,208,221,223,225,228,235,238,239,246,250,252,254,255,257,260,261,262,264,266,267,273,279,288,290,291,294,295,298
2,10,26,40,41,42,49,52,72,86,90,106,125,153,160,161,167,176,179,183,184,185,194,196,199,206,209,214,220,223,227,228,233,235,236,237,238,240,242,244,246,247,250,251,252,254,255,258,259,261,262,264,266,267,268,270,271,272,273,276,278,281,282,284,285,286,287,288,291,293,297,299
15,37,38,41,56,64,80,143,146,148,156,161,176,179,180,195,197,203,206,210,212,216,225,227,233,237,238,239,240,241,242,244,246,249,250,252,253,254,256,257,261,262,264,267,270,271,273,275,277,278,280,281,283,284,285,287,288,289,290,291,292,293,294,295,296,297,298,299
2,4,5,17,44,45,47,62,78,83,106,108,119,128,130,136,140,143,145,159,176,177,182,183,185,187,188,190,193,196,201,204,206,210,213,214,216,218,224,226,227,228,229,236,237,238,239,240,242,243,246,248,249,252,254,255,258,261,264,265,266,267,271,273,276,279,281,282,283,284,285,287,288,289,290,291,292,293,294,297,298,299
25,31,38,64,74,91,94,116,136,139,143,146,161,179,180,190,199,204,208,214,216,219,221,222,226,227,235,236,239,242,244,246,251,252,254,261,264,266,267,273,275,276,281,282,288,289,292,298
4,16,31,37,63,73,76,96,110,117,119,129,132,136,137,143,166,167,169,180,184,193,194,196,197,198,218,219,221,223,225,226,227,231,232,233,235,236,238,246,249,252,257,261,263,264,265,267,268,271,273,274,277,280,282,283,284,286,287,288,289,290,291,292,293,294,295,297,298,299
25,38,53,54,56,73,79,97,104,112,119,125,126,132,139,144,154,161,162,171,181,184,185,190,192,198,201,206,208,212,214,221,223,224,226,228,231,235,236,238,246,249,251,252,253,254,258,260,261,263,265,266,267,270,271,273,276,279,281,282,284,285,286,288,290,291,292,293,294,295,296,297,298,299
33,72,73,76,86,100,102,122,129,137,142,149,150,153,159,164,165,166,171,172,181,182,183,187,188,194,198,201,206,210,214,216,220,223,225,226,228,232,233,235,237,238,240,241,245,246,247,249,253,254,257,260,261,264,265,266,267,268,271,273,275,276,277,278,280,282,283,284,285,286,287,288,289,291,292,293,294,295,296,297,298,299
13,24,41,57,59,62,63,64,65,66,71,72,73,110,124,128,132,133,152,154,158,159,160,161,179,183,185,188,190,191,196,197,198,201,206,208,212,214,221,222,225,227,228,233,235,236,238,239,246,249,252,254,256,258,260,262,264,265,266,267,271,273,275,277,278,279,280,281,288,298
0,24,25,31,34,47,63,65,82,94,100,108,111,126,134,137,142,143,148,161,178,180,183,185,194,197,204,206,209,212,220,221,222,223,225,231,232,233,235,236,237,238,239,244,249,251,252,254,255,256,257,260,261,265,266,268,271,273,276,277,279,281,284,285,287,288,289,295,298,299
3,15,18,19,27,28,44,73,91,94,100,102,111,117,128,130,139,150,166,176,177,179,184,185,197,199,201,203,204,208,211,212,220,224,235,236,237,238,239,242,246,252,253,254,255,258,260,261,262,263,264,267,269,270,272,273,275,276,277,279,280,281,283,287,292,294,295,296,297,298
3,31,51,52,56,58,80,83,86,87,91,101,108,123,124,126,139,152,153,163,168,169,171,175,177,181,184,185,186,188,191,195,205,206,208,216,221,224,227,232,233,236,238,239,240,242,246,252,254,256,257,258,260,261,262,263,264,265,266,268,271,273,275,276,277,280,281,283,286,287,288,289,290,292,293,295,297,298
13,26,30,37,70,89,90,96,97,102,106,107,110,118,119,142,152,154,155,156,159,165,166,175,176,179,181,183,184,188,190,197,198,201,202,204,206,208,209,214,216,218,223,225,227,235,236,237,238,242,246,250,251,254,255,256,258,261,264,265,267,268,273,275,279,280,281,285,289,290,292,293,297,299
8,25,45,71,73,76,78,80,96,115,126,128,129,131,136,139,145,149,154,158,159,161,170,177,185,190,193,201,203,205,208,210,214,220,223,227,228,236,237,238,241,242,244,246,252,253,254,256,257,261,264,265,266,267,273,275,276,277,279,281,283,284,285,288,291,294,295,299
10,20,39,42,61,67,73,83,85,90,100,102,108,124,125,128,131,132,133,134,140,143,156,159,161,176,178,179,181,184,185,188,193,201,204,208,209,212,213,218,220,221,227,228,233,234,235,236,237,238,239,244,246,250,254,261,262,264,267,269,270,271,273,274,275,276,277,278,279,280,281,282,283,285,287,295
3,26,38,41,54,62,78,86,98,103,108,119,129,133,146,150,159,177,178,183,184,186,187,188,193,201,204,210,212,214,216,220,221,223,225,227,229,233,237,238,239,242,246,250,252,254,255,261,262,264,266,267,268,271,273,276,277,278,279,281,283,285,286,290,291,292,293,294,295,296,298,299
3,16,26,31,38,85,86,89,102,106,119,126,130,136,139,140,142,150,153,158,169,170,178,179,183,187,193,194,199,206,210,212,214,217,220,221,223,224,233,235,236,237,238,240,246,251,252,255,259,260,261,263,264,265,267,273,274,276,277,279,280,285,286,289,292,293,295,297
0,1,6,17,30,35,41,45,49,64,81,86,94,108,123,130,132,137,139,143,144,154,171,178,180,181,182,184,187,193,198,201,206,208,212,214,221,224,226,228,233,235,236,238,240,242,246,252,254,255,256,257,260,261,263,264,271,274,275,276,277,279,280,281,287,289,292,296
29,57,70,74,78,101,106,108,113,115,116,130,133,139,141,151,152,153,166,168,170,176,178,181,183,184,187,201,203,208,210,212,213,214,216,220,221,223,225,227,228,233,236,239,240,244,246,247,251,252,253,254,255,256,261,262,264,266,267,268,272,273,276,277,278,279,280,281,284,285,286,289,290,291,293,294
1,6,20,25,30,35,39,40,62,66,73,74,76,79,94,109,120,129,132,134,143,149,153,158,160,168,170,176,177,180,182,194,198,201,204,211,214,218,219,221,222,225,227,229,232,233,235,236,237,238,239,241,242,243,244,246,249,252,254,256,258,260,261,262,263,264,266,267,268,269,273,275,276,277,279,280,281,285,286,289,290,292,294,296
18,54,69,71,78,80,82,86,87,132,133,136,143,146,154,159,170,175,177,178,180,183,187,190,194,196,198,208,220,221,222,223,235,236,237,238,240,241,242,244,246,247,249,250,252,254,255,256,257,258,260,261,264,265,270,271,273,274,276,277,279,280,281,284,287,289,292,293,296,297,298,299
1,6,15,17,26,35,38,40,42,47,52,57,63,78,89,107,120,125,126,129,134,153,157,160,163,164,166,177,184,187,193,198,204,206,211,212,214,220,223,226,227,228,233,235,238,239,242,246,249,251,252,258,261,263,264,266,269,272,273,274,276,279,280,281,283,284,285,287,288,289,290,299
0,10,35,45,50,60,72,73,76,82,90,96,98,101,106,108,115,132,144,146,147,149,166,167,182,183,193,196,199,201,209,210,211,214,217,218,220,223,224,225,226,235,236,237,240,241,244,246,249,250,252,255,257,258,260,261,264,265,266,269,270,273,276,280,281,284,289,291,293,294,297,299
3,10,19,25,31,34,35,45,49,64,65,76,78,87,91,97,109,111,136,139,140,153,155,169,177,184,185,198,204,208,219,223,228,229,231,233,237,246,250,252,254,255,256,260,261,264,266,267,268,272,273,275,276,277,279,280,281,284,285,286,290,294,296,298
2,25,67,72,76,112,113,114,115,127,132,134,140,147,150,154,160,168,170,176,179,180,183,184,185,187,194,196,198,201,202,205,206,208,210,212,215,218,220,221,223,224,227,232,236,242,246,249,252,255,256,260,261,264,266,267,273,274,276,277,278,279,280,281,282,283,284,285,289,294,297,299
0,35,41,42,48,49,62,83,90,91,96,115,123,128,132,140,146,149,153,154,159,176,181,182,184,186,187,193,198,201,206,208,214,220,223,225,227,229,233,237,238,244,246,249,252,254,255,260,261,264,266,267,269,273,275,276,277,279,280,281,283,286,287,289,294,295,296,298
